################################################################################
# Symmetry function scaling data.
################################################################################
# Col  Name     Description
################################################################################
# 1    e_index  Element index.
# 2    sf_index Symmetry function index.
# 3    sf_min   Symmetry function minimum.
# 4    sf_max   Symmetry function maximum.
# 5    sf_mean  Symmetry function mean.
# 6    sf_sigma Symmetry function sigma.
#########################################################################################################################
#        1          2                        3                        4                        5                        6
#  e_index   sf_index                   sf_min                   sf_max                  sf_mean                 sf_sigma
#########################################################################################################################
         1          1   1.0412385763375238E-02   2.8890689551868320E-01   8.0933607579263295E-02   5.3812612285648168E-02
         1          2   6.9802155825616580E-02   5.7992468082364856E-01   2.4341682308330972E-01   1.3557779220676716E-01
         1          3   1.1384112622113815E-03   1.6380202464297011E-01   4.0351595131897788E-02   3.6873464434147310E-02
         1          4   0.0000000000000000E+00   5.7285506080764520E-02   1.3881025824336094E-02   1.1596765990358844E-02
         1          5   1.8953177631421000E-02   1.3864768310678269E-01   6.2950057327147910E-02   2.5459326024988536E-02
         1          6   1.6057566773690196E-01   1.2820259358618493E+00   4.8657161083295675E-01   2.7014612141841526E-01
         1          7   2.1268168815843824E-03   3.0713379718225925E-01   7.3046573135012421E-02   6.7889844324680718E-02
         1          8   4.0135434361643893E-02   2.8716612696546157E-01   1.2083867797348105E-01   4.9593421036887318E-02
         1          9   1.0748585069537225E-02   6.4228636952931495E-01   2.1065522087186189E-01   1.0726777058006291E-01
         1         10   1.6112678888409825E-05   4.8786686688301006E-01   8.2574233665724431E-02   8.2242214872959310E-02
         1         11   0.0000000000000000E+00   1.4002772715984443E-01   5.4752367956702928E-02   4.7598796259097215E-02
         1         12   3.4285752740243680E-03   4.6465610688740294E-01   1.3312746442449450E-01   7.2137482617226883E-02
         1         13   5.9171848739760574E-05   8.4149763893039342E-01   3.3413966537311068E-01   2.0414416282754835E-01
         1         14   1.0750556903647401E-01   1.6284329849431718E+00   6.1027867838970007E-01   2.7489435165174431E-01
         1         15   1.2845547281514254E-10   6.0613815515005653E-01   9.5633428370587692E-02   9.0649573176286399E-02
         1         16   0.0000000000000000E+00   1.9079180671216076E-01   5.6535216539658956E-02   7.2941778599579038E-02
         1         17   3.4005859669835901E-06   3.8132365193487983E-01   8.1961204753914052E-02   7.8177362777826415E-02
         1         18   2.8937000096693966E-10   9.4661400277968766E-01   3.7363126794370205E-01   2.3315356785025002E-01
         1         19   2.0489163525328588E-01   9.6135328803645592E-01   5.0271456454834496E-01   1.9410642429025865E-01
         1         20   2.7999852625885461E-21   3.6885631243965300E-01   8.5880762155669116E-02   1.0054393282562686E-01
         1         21   0.0000000000000000E+00   2.4341288454915416E-01   3.8111113564550436E-02   7.1923259453364169E-02
         1         22   8.6112606902578066E-13   2.1770229361056978E-01   2.6543625125468030E-02   4.7661895055070180E-02
         1         23   3.5020538562150441E-21   7.8797955291132027E-01   2.6123324847590040E-01   2.3071711715050819E-01
         1         24   1.0694670873289708E-01   5.1978531234531600E-01   2.4090607835385527E-01   7.1622254631347013E-02
         1         25   1.1227977334466458E-41   2.5615697268746712E-01   2.7485992401070324E-02   4.9102778486143701E-02
         1         26   5.5316890620277213E-26   4.4726956368188645E-02   1.1355272823788884E-03   3.0585184280201572E-03
         1         27   3.9368701988344460E-42   4.1757007424477427E-01   6.0210823102496903E-02   6.7707492845046596E-02
         1         28   1.6038440494449249E-01   3.1821900112285595E-01   2.5407945133784349E-01   1.8867573112975752E-02
         1         29   2.9546176960343452E-79   4.6374421209683797E-02   7.5305149881968751E-04   2.0427661279409930E-03
         1         30   0.0000000000000000E+00   2.9961773552049801E-03   1.9472972070293602E-05   8.9262661512265769E-05
         1         31   1.8459601263591893E-01   3.4933152095729741E-01   3.1179878286415952E-01   2.1232846583720412E-02
         1         32   1.6891083424646753E-06   1.3559718108462873E-03   2.1014950037186059E-04   2.0746588356141852E-04
         1         33   2.3743927326351540E-04   8.5510290270016508E-03   1.6586390113054513E-03   1.4696194245338737E-03
         1         34   6.4932129608251915E-07   1.7699602598524441E-03   2.6669065856985700E-04   2.8051393992001625E-04
         1         35   3.3028154461764725E-05   1.2980048090804773E-02   2.1748155292164242E-03   2.3186473701721231E-03
         1         36   4.9606487075923693E-06   5.2840560485508635E-03   6.6316381169961316E-04   9.7057043817761629E-04
         1         37   8.5805053491986471E-05   5.0596934285613406E-03   1.0704071949341799E-03   9.4033353899419824E-04
         1         38   0.0000000000000000E+00   6.0688619543407783E-04   4.2125497652442137E-05   9.6500878595703231E-05
         1         39   8.4703012694440046E-07   1.0068391041252892E-03   1.2398426119756393E-04   1.7455708686786001E-04
         1         40   0.0000000000000000E+00   4.7065083332087089E-04   1.2288228857534208E-04   9.7815924929895286E-05
         1         41   1.9991331575642982E-05   2.7745155643989481E-03   5.5201445382164517E-04   4.9622991407823730E-04
         1         42   1.2584221723636766E-03   1.8515485947260140E-02   4.5286878223275455E-03   3.7077013439227769E-03
         1         43   0.0000000000000000E+00   1.4748600853899336E-03   4.0244190214591815E-04   3.1383998505955519E-04
         1         44   1.5403434618016087E-04   3.7919752877151247E-03   1.1299764576618151E-03   7.2196304253768491E-04
         1         45   6.7691242351511122E-04   2.9970935599474793E-02   6.8343460272267589E-03   6.4482293126530230E-03
         1         46   1.0615921366210104E-04   1.3252149433471061E-02   2.2954178172800883E-03   2.7829311424644211E-03
         1         47   0.0000000000000000E+00   4.7108563040807140E-03   7.5455496999207088E-04   6.9469286652140856E-04
         1         48   6.9954775034651400E-04   1.2060371506914797E-02   3.3514097643738494E-03   2.4454683617705685E-03
         1         49   0.0000000000000000E+00   1.3303765845961621E-03   1.3648303117770491E-04   2.3631086620266853E-04
         1         50   4.2776365527407887E-05   2.3680866181456910E-03   5.2597939132244980E-04   4.5500550105333535E-04
         1         51   1.9855321470513343E-10   4.1673544647629756E-04   2.5035069622978942E-05   4.5870151436612598E-05
         1         52   6.3295964159294368E-08   1.4147265900098067E-03   1.4967124273106050E-04   1.9300196687623307E-04
         1         53   7.5674899756066060E-11   2.7044904707152498E-04   9.5339455708210225E-06   2.3876235890107774E-05
         1         54   0.0000000000000000E+00   1.3066144485398485E-04   1.1527163157224691E-05   1.6786217075578390E-05
         1         55   3.9185993897665657E-08   3.4319147540230478E-04   3.5153306006061555E-05   4.6903172509969066E-05
         1         56   3.1959707375272448E-11   9.7153096137229911E-04   1.2081913957155749E-04   1.3095268259991248E-04
         1         57   1.1900700930829153E-08   4.3267196391877540E-04   5.0781850888659893E-05   6.7775722291908109E-05
         1         58   0.0000000000000000E+00   1.1451923284005451E-04   7.9680177670675081E-06   2.3390602743492932E-05
         1         59   3.1058867987806010E-06   1.2742418299871048E-03   2.3892259814162540E-04   2.3378854924459083E-04
         1         60   3.5443075019186282E-04   7.1346065525386068E-03   1.8459053984523845E-03   1.4188729084589873E-03
         1         61   1.3621308513383408E-06   1.3104576828206307E-03   2.7045271729398790E-04   2.6162682775608253E-04
         1         62   0.0000000000000000E+00   8.0370451610812133E-04   1.7437337709632741E-04   1.3636038386777668E-04
         1         63   3.7804455653874426E-05   1.2235441642730813E-03   3.5566105159003417E-04   2.2881042875544399E-04
         1         64   4.5539688018813294E-04   1.0298957768047248E-02   3.0436124912857753E-03   2.4456937797900941E-03
         1         65   5.0145796058772024E-05   4.8251363934963820E-03   1.0078818523919463E-03   1.0323731093121169E-03
         1         66   0.0000000000000000E+00   1.6091385170486751E-03   3.3459135295484772E-04   2.5119144052961469E-04
         1         67   0.0000000000000000E+00   5.2791741592148533E-04   6.0522988828773523E-05   8.7562252052553497E-05
         1         68   0.0000000000000000E+00   3.1148928996563936E-04   6.8224576449907274E-05   6.0238174146401714E-05
         1         69   3.6789587238471286E-05   1.0039695500009709E-03   2.7031148769256588E-04   1.8127877524793621E-04
         1         70   0.0000000000000000E+00   2.6292865080940133E-04   7.2720438946026941E-05   5.6916363139399114E-05
         1         71   3.8010889017771694E-08   4.3689351127914607E-04   1.2192208606817863E-04   8.7402727242664053E-05
         1         72   7.1174687752186352E-04   3.9267616171838139E-02   7.8083103474119757E-03   5.3646966587713113E-03
         1         73   8.1324010910486535E-09   5.2166246574032364E-03   1.2258562355402327E-03   9.3802801050447049E-04
         1         74   0.0000000000000000E+00   5.9456380834073943E-03   1.2294827490724209E-03   1.3438259386599572E-03
         1         75   1.7472454385692926E-04   6.9002628389100665E-02   9.4932412703893840E-03   9.0789219499084091E-03
         1         76   3.0342487164776912E-06   2.7133393933271042E-02   2.0887955849398219E-03   3.6388828861241610E-03
         1         77   0.0000000000000000E+00   8.5652183396052375E-03   1.3502117409067537E-03   1.5484529197901710E-03
         1         78   0.0000000000000000E+00   3.1464092156680136E-03   2.4569281492956008E-04   4.1994715425456842E-04
         1         79   6.5095085457230842E-07   4.7964668897615007E-03   4.9434776861899258E-04   7.1839607099591753E-04
         1         80   7.7076471467967925E-07   1.2856120565527214E-02   3.1926294301014482E-03   2.4103718596063259E-03
         1         81   5.3372040233792481E-03   9.5603626405682957E-02   1.9997850311379708E-02   1.2538259669947271E-02
         1         82   4.1632134564856383E-08   1.1401816748051007E-02   3.2521309764228699E-03   2.0683728311905467E-03
         1         83   0.0000000000000000E+00   1.0100203237378206E-02   2.7942609260074381E-03   2.3588787128227709E-03
         1         84   3.4081702785753458E-03   1.6346225272461021E-01   3.2027354591418401E-02   2.7018696169905248E-02
         1         85   1.8601917292506157E-05   5.6264502367362766E-02   7.7557860486134316E-03   9.3185962915485702E-03
         1         86   0.0000000000000000E+00   1.9998933639517050E-02   3.9695960812525626E-03   3.3964728743298631E-03
         1         87   1.2134982564382777E-03   5.2487368501490890E-02   1.3045776657587129E-02   8.6245357128300476E-03
         1         88   2.4916642727812463E-05   1.2618083596009010E-02   2.4638862428810839E-03   2.1963436214653838E-03
         1         89   0.0000000000000000E+00   5.3629570952382407E-03   8.9570932953326934E-04   8.6594196595435032E-04
         1         90   1.1177626867922646E-09   8.2812283345614201E-03   8.6850720170630630E-04   1.0111809146375337E-03
         1         91   5.3212253385865002E-12   1.6317052227435285E-03   1.2905862510976135E-04   2.6373185182137587E-04
         1         92   4.6311615232363080E-07   5.1673600500487700E-03   6.1596354613588822E-04   6.9730087731246560E-04
         1         93   9.4779405799048077E-13   1.2784385294819804E-03   3.7436838982782009E-05   8.2434304936305445E-05
         1         94   0.0000000000000000E+00   1.0574740325559066E-03   8.3093379753743790E-05   1.5346589725519363E-04
         1         95   2.3183807239362312E-08   1.8173979157316063E-03   1.6931437316275008E-04   2.5231695953107768E-04
         1         96   1.2235676420808827E-10   3.8482851699825670E-03   4.3172574974727863E-04   4.3890413423078182E-04
         1         97   1.1939944576858992E-08   1.8310960829171774E-03   1.7804990331395416E-04   2.7631220040536599E-04
         1         98   0.0000000000000000E+00   7.7345340549385877E-04   5.4368683185881868E-05   1.6321234440754782E-04
         1         99   0.0000000000000000E+00   2.7340707114031969E-04   1.1629450995954525E-05   1.9348889759173862E-05
         1        100   2.6580898806651310E-17   1.7780183657714889E-04   2.1281425111150514E-06   7.9299171849385953E-06
         1        101   1.2463728853154138E-07   7.0907238091742842E-03   1.3197672955782653E-03   1.0786033263578796E-03
         1        102   2.0956360889869195E-03   3.2973382027842321E-02   7.4868129244685094E-03   4.7919751141996631E-03
         1        103   1.7059738312862926E-08   5.0611014236026626E-03   1.1445926297133022E-03   8.7655251388570065E-04
         1        104   0.0000000000000000E+00   3.5458511100253400E-03   9.9669191612200255E-04   7.7664445572465078E-04
         1        105   2.0495275608877035E-05   4.8886171621806297E-03   1.2659307051119306E-03   9.0945545192356561E-04
         1        106   9.4479420900041926E-06   1.9519087772769977E-02   3.8023679045484124E-03   3.4591513347772915E-03
         1        107   0.0000000000000000E+00   6.3564882523982971E-03   1.6444852959455077E-03   1.2052358949188977E-03
         1        108   8.0374282669995391E-04   1.8092691894142525E-02   5.2498449771318624E-03   2.8229789536174787E-03
         1        109   2.1687942424751212E-05   5.3463954196319363E-03   1.2883354086388494E-03   9.4097922022522281E-04
         1        110   0.0000000000000000E+00   1.3158164325666685E-03   2.0107998588184952E-04   1.9000459116777924E-04
         1        111   8.5070609958827266E-10   2.1967261679673019E-03   3.6253806798927434E-04   3.5007383023737549E-04
         2          1   1.8561776861459958E-02   2.9060846608411156E-01   1.2170841154165532E-01   6.0685338751663605E-02
         2          2   6.7182634485384515E-02   5.5704967238766256E-01   2.7150635471382817E-01   1.1871461085121654E-01
         2          3   4.8325037763522903E-04   1.4111164356792480E-01   4.2581492970533805E-02   3.2304683230885839E-02
         2          4   0.0000000000000000E+00   6.2757233854012648E-02   1.2347094077713989E-02   1.4363801175132527E-02
         2          5   1.3965742523345298E-03   1.6880850089370186E-01   6.2476665087746297E-02   3.4340038100144368E-02
         2          6   2.2812319034371531E-02   6.1851184964859551E-01   2.4328580541647815E-01   1.2299332591918051E-01
         2          7   1.4768664239025672E-01   1.1436919126172682E+00   5.4429475226452495E-01   2.2984493247386625E-01
         2          8   0.0000000000000000E+00   1.4885897547397700E-01   2.4922400668663938E-02   2.9887313742936641E-02
         2          9   4.2094033326673325E-03   3.2832436398847470E-01   1.2465232686928079E-01   6.8986254344888781E-02
         2         10   5.4812091460013410E-02   9.4397579026866862E-01   3.1268074440409455E-01   1.6487158861005077E-01
         2         11   2.5101535629327543E-01   1.6241254269740875E+00   7.3015252272798725E-01   2.5111659013610799E-01
         2         12   0.0000000000000000E+00   1.9323693492323069E-01   3.5614619369988339E-02   4.8660851066265991E-02
         2         13   2.5562047033091759E-02   9.3311921569453427E-01   3.0513933919485098E-01   1.4047995116918305E-01
         2         14   9.1970445617980396E-15   4.9104830041568165E-01   8.9951887226845967E-02   9.8769285761138192E-02
         2         15   0.0000000000000000E+00   1.9358137365265851E-01   3.6914725343483328E-02   6.5115790883421190E-02
         2         16   1.1402213487172789E-03   3.9295670353162787E-01   1.2890798530265676E-01   8.2024712245731102E-02
         2         17   1.1674088462993906E-03   8.2379429040806551E-01   2.5135728227417203E-01   1.8049976655812539E-01
         2         18   9.6024897245167745E-02   1.2854730979595064E+00   7.6465815946264404E-01   2.3531641932986158E-01
         2         19   1.5252277502100775E-28   3.2697250528866684E-01   8.1051323490826707E-02   9.9925761829172913E-02
         2         20   0.0000000000000000E+00   2.3161964882448507E-01   1.8915816714098862E-02   4.5966123955316303E-02
         2         21   1.3062853858447808E-07   4.2469928828820364E-01   9.3469264440700320E-02   9.4705433162365141E-02
         2         22   5.0153911361721570E-08   6.7818245783976761E-01   1.2045303917692753E-01   1.2798092797782251E-01
         2         23   5.3147212674082824E-02   1.0843054940500598E+00   5.6151065241641629E-01   2.0583415675627950E-01
         2         24   1.5494323775149610E-54   3.3332113636631616E-01   6.5353624884833483E-02   1.0328296097819743E-01
         2         25   0.0000000000000000E+00   1.8962370368128975E-01   8.7286462426891549E-03   3.1933743271761607E-02
         2         26   5.0241250324126671E-16   5.7063993260994639E-01   7.1529136027747034E-02   1.4478655736136314E-01
         2         27   7.6336736868165114E-05   9.5192267091377714E-01   5.3866968494458978E-01   2.2675123193945651E-01
         2         28  6.1765473743714004E-102   3.2231270978084281E-01   7.2523482388986787E-02   1.2615546782539974E-01
         2         29   0.0000000000000000E+00   3.2197389436786078E-01   1.5828929775815882E-02   6.8990421485595893E-02
         2         30   1.5936281321520013E-32   2.1482008004118716E-01   1.8808485203524971E-02   3.9441915070082587E-02
         2         31   3.9378394990502107E-11   2.9962723310331368E-01   8.7132083808502264E-02   5.2783890145477005E-02
         2         32  2.0208639852833319E-186   1.6534016418291095E-01   1.4678066957961363E-02   2.8188534112568810E-02
         2         33   2.5810789164545989E-63   4.5808560523279999E-03   1.6685095020965989E-04   3.9294681019805451E-04
         2         34   3.5472662579597642E-05   2.3436289326106531E-03   4.3799758772194731E-04   3.6964970417200629E-04
         2         35   4.7267736273332858E-04   9.1042685761758418E-03   2.6122356543232415E-03   1.8742001800159177E-03
         2         36   7.2545035798016588E-07   2.1764593897864387E-03   5.0073464005690545E-04   5.0151331636929337E-04
         2         37   0.0000000000000000E+00   8.2965718675761645E-04   1.3382814279704365E-04   1.7238713995104972E-04
         2         38   1.3116910879553626E-04   2.7375822257601442E-03   7.0245942018694297E-04   4.8998567787450150E-04
         2         39   6.3044479876182575E-05   1.0973857137571765E-02   2.7269675043868555E-03   2.2618287630741703E-03
         2         40   0.0000000000000000E+00   2.1692552720097283E-03   2.6604044322899289E-04   3.7302440494695592E-04
         2         41   2.0832746486402156E-04   4.9329791340618455E-03   1.4645957150935304E-03   1.1151909373476284E-03
         2         42   0.0000000000000000E+00   6.5096271523073959E-04   6.7434319374501622E-05   1.2372268667421935E-04
         2         43   2.0905351903799997E-09   1.1618646423284672E-03   1.8154638895590070E-04   2.3392233659520585E-04
         2         44   0.0000000000000000E+00   6.6622222758911753E-04   9.8374205195263996E-05   1.1508390668074716E-04
         2         45   0.0000000000000000E+00   5.7735407448100380E-04   1.0221869371210329E-04   1.1787043197521841E-04
         2         46   3.9682138133295916E-05   5.4111164388527325E-03   1.1088341206863031E-03   1.0193302941250203E-03
         2         47   9.1500414898088912E-04   2.2788749289665303E-02   6.3969259021199433E-03   4.7325224938923900E-03
         2         48   3.3693869970867188E-06   4.4838544272958877E-03   9.7855617443294964E-04   1.0142370996162149E-03
         2         49   0.0000000000000000E+00   2.3989361976933595E-03   3.6603284811668904E-04   4.8974307537629467E-04
         2         50   1.5598774501191588E-04   5.0030044594972529E-03   1.5084490594670765E-03   1.0966659206973180E-03
         2         51   6.9207726693541391E-04   2.4145276025139436E-02   7.0290964922163643E-03   5.8096221634250482E-03
         2         52   1.7675323607349372E-05   1.3170928803314719E-02   2.6470467332492258E-03   3.0898785878578938E-03
         2         53   0.0000000000000000E+00   4.9408505006803835E-03   6.8115023207658120E-04   8.8347427628335197E-04
         2         54   3.8205794224598896E-04   1.1869447951427818E-02   3.5922040414248374E-03   2.7938603740417572E-03
         2         55   0.0000000000000000E+00   1.5254249466359160E-03   1.8787680615215243E-04   2.8596894984962500E-04
         2         56   0.0000000000000000E+00   1.2569778280300697E-03   1.4241006055024688E-04   2.0000888685955465E-04
         2         57   6.3782767631782997E-06   2.6285517863828909E-03   5.5784245179734250E-04   6.0318531688924055E-04
         2         58   0.0000000000000000E+00   1.4225316092682740E-03   2.8861516286928630E-04   3.0038178524486052E-04
         2         59   1.2990854381514049E-06   3.9736238728541604E-04   5.9407413326067873E-05   5.3550131797823049E-05
         2         60   4.8454102707227381E-05   1.2446992834728879E-03   3.4814568084652175E-04   1.8430008275101116E-04
         2         61   1.3592734353634444E-10   3.3103407543960136E-04   6.9818705403726928E-05   7.8757793920427154E-05
         2         62   0.0000000000000000E+00   1.5529584068159200E-04   1.4676675306459884E-05   2.5012342280951643E-05
         2         63   1.0003423945960755E-05   3.4953349088610457E-04   8.3899914391833766E-05   5.9324282992707599E-05
         2         64   1.2830891433079392E-09   1.1726115234953630E-03   4.7133483052316224E-04   2.7788648739406497E-04
         2         65   1.1857587537512351E-12   6.0202236108905657E-04   1.1619330757155369E-04   1.4256312062890187E-04
         2         66   1.5303819307593937E-07   6.7418676585861525E-04   1.7483313624925016E-04   1.3577093958958762E-04
         2         67   3.9110217670209976E-26   1.5103109958120140E-04   1.6914768291234557E-05   2.7286656810163128E-05
         2         68   3.2599051813667106E-06   2.0345247356476168E-03   4.6986138067590575E-04   4.1736710930557656E-04
         2         69   3.0124737029181141E-04   7.7664493785156736E-03   2.5808124896127202E-03   1.6293526882290093E-03
         2         70   1.2918247827421073E-06   1.4341469147438740E-03   3.2218201900743372E-04   3.2411286815246679E-04
         2         71   0.0000000000000000E+00   1.0165431842027732E-03   1.5437716082156131E-04   1.9402786972483346E-04
         2         72   1.8747508667572451E-05   1.5244326266182491E-03   4.8030580198946089E-04   3.4314709379393407E-04
         2         73   4.3674036337109533E-04   9.3035599109374846E-03   3.2774958226157885E-03   2.0852501787080226E-03
         2         74   1.3390587059375784E-05   4.3917018617311903E-03   9.9178230610304555E-04   1.0294041163714952E-03
         2         75   0.0000000000000000E+00   1.7461174839583891E-03   2.6815532221286892E-04   3.1933071742590373E-04
         2         76   1.6697021116854116E-04   4.6010049062364371E-03   1.3839459037945487E-03   9.4325689570019442E-04
         2         77   0.0000000000000000E+00   5.5634001552743047E-04   7.5342011570821190E-05   1.0055209667976048E-04
         2         78   0.0000000000000000E+00   5.0525876624155086E-04   5.4566966084169828E-05   7.5816677020405402E-05
         2         79   4.6232743956199049E-07   1.1630123942097800E-03   2.6154142558954717E-04   2.4047220591297581E-04
         2         80   0.0000000000000000E+00   4.6133527531287997E-04   9.6490462670132627E-05   9.8105777512766393E-05
         2         81   4.9104912239962161E-05   1.1728306948116300E-02   1.7453123087282237E-03   1.5963992094440221E-03
         2         82   3.7031117138146582E-03   4.1791290389011755E-02   1.2292713319686193E-02   6.4699734837465215E-03
         2         83   1.0410095709350221E-08   8.7906668076953853E-03   1.7076599254808975E-03   1.7051165086528651E-03
         2         84   0.0000000000000000E+00   4.7682401821492210E-03   7.3986891519513644E-04   1.1535291460547589E-03
         2         85   5.5418164075369863E-04   5.7156132588700649E-02   1.3000620906627189E-02   9.0731460669069060E-03
         2         86   8.6407488104403108E-08   3.0177731603138261E-02   4.6119527865312480E-03   5.7088320691569871E-03
         2         87   0.0000000000000000E+00   1.0267121629873262E-02   1.1430821120930474E-03   1.6698383628332150E-03
         2         88   6.1970612551040668E-04   2.0845970259631464E-02   6.1687098448474711E-03   3.7788067819350358E-03
         2         89   0.0000000000000000E+00   3.5606830312339089E-03   2.5441503378300663E-04   5.0248238012143385E-04
         2         90   0.0000000000000000E+00   3.4869050187373960E-03   2.1231664069587642E-04   4.2108223328355543E-04
         2         91   8.6799083603899108E-10   4.9437641899999687E-03   6.4660715960442332E-04   8.2036893838074022E-04
         2         92   0.0000000000000000E+00   3.6946810757554076E-03   3.9820551980889536E-04   5.1742844741767106E-04
         2         93   5.9443281243389927E-06   3.1181487506045619E-02   5.2062278559697169E-03   5.8778927568269423E-03
         2         94   5.5746174094684188E-03   1.0248054166694424E-01   2.9227882542121719E-02   1.7121200846888764E-02
         2         95   4.6763930792301177E-08   1.5721144182306006E-02   3.2146308912957347E-03   3.4562100960811529E-03
         2         96   0.0000000000000000E+00   1.4929887043539090E-02   1.9200349958845241E-03   2.9968928999865611E-03
         2         97   3.1477402352823517E-04   2.5569488233226224E-02   5.7127235583077128E-03   4.0383793712532191E-03
         2         98   5.0425615507942462E-03   1.3312976582203315E-01   3.3588655408291639E-02   2.3103470683054548E-02
         2         99   1.6423208826880153E-06   6.8432785122957487E-02   1.1061259112201400E-02   1.3299466021739561E-02
         2        100   0.0000000000000000E+00   2.6087168047348629E-02   2.9687934569308941E-03   3.9752777682973564E-03
         2        101   2.4704696714285871E-03   4.5829004817836187E-02   1.4653607176598868E-02   8.8642747820564995E-03
         2        102   0.0000000000000000E+00   9.0260020413653677E-03   8.7854649463769096E-04   1.4108151188565567E-03
         2        103   1.1705760720654455E-06   1.3632052499666284E-02   2.4308940773156229E-03   2.5111743609943548E-03
         2        104   0.0000000000000000E+00   5.6693753405287388E-03   6.8162507949835044E-04   9.4593847390992531E-04
         2        105   0.0000000000000000E+00   7.6650152313275984E-03   1.0288691293961799E-03   1.2877941247237640E-03
         2        106   5.0862596586139508E-07   1.2704004431836427E-03   2.0037498179590249E-04   2.0596374661903367E-04
         2        107   9.5808810776185421E-05   4.9638103076359661E-03   1.7455155163406445E-03   9.2080409681281027E-04
         2        108   2.1383245971737900E-12   1.5164867653288962E-03   3.1323018485983876E-04   3.5670443675930814E-04
         2        109   0.0000000000000000E+00   1.0875368171400668E-03   6.9844932563433855E-05   1.4170206422889464E-04
         2        110   6.1412513827264434E-06   1.9217276480418624E-03   3.2548429003016310E-04   3.2844418131007638E-04
         2        111   1.0812645700118749E-08   5.0021462062256128E-03   2.2297641616944187E-03   1.3491630032458327E-03
         2        112   4.8870288947022460E-12   3.5975024890601312E-03   6.0332463569478492E-04   8.8937085962864572E-04
         2        113   3.7297761346619695E-07   3.1084222882734871E-03   8.1097626577449164E-04   7.5617700662739093E-04
         2        114   0.0000000000000000E+00   1.9598696067773847E-04   8.6322777060257910E-06   2.1509386268764573E-05
         2        115   0.0000000000000000E+00   5.6375406388584840E-04   6.2672685307620248E-05   1.3197410565525923E-04
         2        116   0.0000000000000000E+00   2.6574296134520479E-04   1.4174667872187969E-05   3.3827113798088587E-05
         2        117   3.7973626755217040E-07   1.2441102383582458E-02   2.3059255736691663E-03   2.6273395323181551E-03
         2        118   0.0000000000000000E+00   5.4727526278918462E-03   7.3655064401232349E-04   1.0526826280055216E-03
         2        119   4.4336004297454567E-05   7.1081525628732545E-03   1.6363214652825018E-03   1.2088689124556840E-03
         2        120   2.7107570072014671E-03   4.3878823304820805E-02   1.5621892725348701E-02   8.4577041167210477E-03
         2        121   1.3012839006163168E-06   2.1723187543624171E-02   4.2396598633654978E-03   4.5975470206713913E-03
         2        122   0.0000000000000000E+00   8.9416214078780146E-03   1.1520454635956853E-03   1.4612263150850292E-03
         2        123   9.2201123242919452E-04   1.6483827268691312E-02   5.6397594310027216E-03   3.0946870060211012E-03
         2        124   0.0000000000000000E+00   1.8667967227538808E-03   2.4968921794778378E-04   3.7223650428857961E-04
         2        125   1.4923198192506666E-07   5.5213924929767549E-03   1.1949188577410328E-03   1.0982843611040463E-03
         2        126   0.0000000000000000E+00   1.2877524841018190E-03   1.4798168417477303E-04   2.1989952944167685E-04
         2        127   0.0000000000000000E+00   2.2138444740699369E-03   3.1326488845395608E-04   3.9084754253154925E-04
         3          1   6.4974956120729482E-02   3.3616847407025746E-01   1.3450531710632571E-01   6.4329976985866816E-02
         3          2   2.0655053875635616E-04   6.2756614995641363E-02   1.7442877148787270E-02   1.8545818469868903E-02
         3          3   7.4439881248595779E-03   1.4620464515606935E-01   4.5868796532280355E-02   3.2663034322706112E-02
         3          4   9.2277217460958072E-02   5.8780383648224110E-01   2.4348857711670793E-01   1.0563661158193376E-01
         3          5   1.5864990235119031E-01   1.1897759938828716E+00   5.6649708187786829E-01   2.8255767863096337E-01
         3          6   1.4352171888307743E-03   1.6997820044129083E-01   5.3482229320378945E-02   5.2551155066967545E-02
         3          7   8.9800195573785222E-06   1.4437805260311165E-01   3.4222856512816154E-02   3.5490809409886914E-02
         3          8   2.7519920620258053E-02   2.0126501670230726E-01   8.4740667241278919E-02   5.0570750561858460E-02
         3          9   3.6241771493062833E-02   7.6165910883494703E-01   2.7524744555241520E-01   2.0319769761263698E-01
         3         10   2.4794281886929043E-01   1.5887083559553141E+00   6.7646379205886065E-01   3.1901046544596323E-01
         3         11   2.0134741934873731E-09   1.3863740425861026E-01   3.5305673251523784E-02   3.1187631228572443E-02
         3         12   9.8585923536242508E-03   3.6841036279311246E-01   1.4287786192937196E-01   8.8167869213096495E-02
         3         13   3.1531583202421638E-04   8.5966370842749718E-01   3.1877809456862616E-01   2.9476288560601416E-01
         3         14   3.9709449953725023E-01   1.1597995483686556E+00   5.9967924817897622E-01   1.2808787829033386E-01
         3         15   2.5000694337946452E-17   1.7619553958095005E-01   5.5763181617135241E-02   7.1689983487421630E-02
         3         16   2.7533253652820538E-02   5.1120816452016249E-01   2.1854333564763026E-01   1.4151396749059922E-01
         3         17   4.7470875184993352E-09   8.3432416643692309E-01   2.8626920718556359E-01   2.8553853837515292E-01
         3         18   4.2289233412139188E-01   6.8662869006685279E-01   5.4034215660551255E-01   5.7048983387482370E-02
         3         19   3.6739338699972449E-22   2.3753789740932246E-01   1.2227300551472459E-01   8.7079815459247964E-02
         3         20   6.7557367458928977E-33   2.4305926236529263E-01   7.4014511792020260E-02   1.0440597449237898E-01
         3         21   1.0925217209627426E-01   3.0259716713555113E-01   1.7972317419912812E-01   3.7611496036691505E-02
         3         22   4.2120434096167716E-19   4.3947014287221031E-01   9.1619974670234486E-02   1.1711976345077435E-01
         3         23   2.5437627543666308E-01   8.0650607266557695E-01   4.3569083256555735E-01   2.0669080110330412E-01
         3         24   3.3190375780440134E-43   5.1694950355638300E-02   1.4283240639007697E-02   1.1162106970268090E-02
         3         25   4.8941410339753424E-62   1.0955515708286140E-01   1.6948386092124328E-02   2.4783353459957237E-02
         3         26   3.2800120351213725E-03   2.8900642337565580E-01   1.9343825060345071E-01   1.3088542356674104E-01
         3         27   1.5826862577686808E-38   4.8580425853271041E-02   2.5101716627322899E-03   4.2924068326177069E-03
         3         28   2.1534424192812809E-01   9.3302827792290333E-01   4.8348988259324643E-01   2.7488207316340035E-01
         3         29   5.7406757915224875E-82   2.8834209507765958E-04   2.3838796337806841E-05   2.7199400532014017E-05
         3         30  6.5020939427603112E-115   2.2785888098616003E-03   1.0188378020945110E-04   1.7799832931106668E-04
         3         31   1.7411017522837961E-07   2.0768021035012854E-01   9.3440620571540942E-02   6.7802190003074220E-02
         3         32   1.9184182412024824E-74   1.6020952925223568E-04   5.7964191435082657E-07   2.6827435897521676E-06
         3         33   1.4107842001600021E-02   2.9175156506613509E-01   9.7853779719742254E-02   6.6670063119128847E-02
         3         34   1.7484149732491528E-16   1.2385991281901930E-02   2.4265136287106846E-03   2.1116509132986503E-03
         3         35   6.7666130362189372E-05   2.0145884704198544E-03   4.6402406984046702E-04   3.7677048989212758E-04
         3         36   6.4781444242740583E-08   5.9861588983184508E-04   1.9127136933743129E-04   1.6679287739558132E-04
         3         37   1.3395487735102911E-04   2.3738163159485741E-03   7.8516034775727157E-04   6.0933132362726730E-04
         3         38   4.3721518720182904E-04   1.0412571416020781E-02   2.9624491415584544E-03   2.7610498088881967E-03
         3         39   4.0676022983442870E-06   3.7173268374176755E-03   9.2281235585331411E-04   9.3260653562366326E-04
         3         40   2.0048203842614928E-07   1.4905535407304024E-03   3.7502432036143156E-04   3.4723710217390022E-04
         3         41   5.3032839030381341E-04   4.1317013556164241E-03   1.5447629889819919E-03   1.0358782934008900E-03
         3         42   0.0000000000000000E+00   2.0473988673487314E-04   3.0866526954639441E-05   4.9871420185313034E-05
         3         43   1.0675221127603909E-08   3.3966828390036952E-04   4.7016114626541452E-05   8.0455569975188291E-05
         3         44   2.3681322087537295E-06   5.9029089677542295E-04   1.4667427674027936E-04   1.4988419630419759E-04
         3         45   7.4234999652116747E-09   3.2813863137034913E-04   1.2350561265900891E-04   1.0106937007083004E-04
         3         46   7.8902063772788500E-06   4.5030087067628443E-04   1.2300196326142619E-04   1.1060638940354134E-04
         3         47   1.5445827670918350E-03   2.2292725276490715E-02   7.3702798860869655E-03   5.4684946569960773E-03
         3         48   4.6524326747603316E-05   3.3525266600508935E-03   8.4916256712629242E-04   8.6390907272320999E-04
         3         49   9.5471003746265917E-07   1.7412922152032727E-03   4.0709990677398198E-04   3.2422960258262257E-04
         3         50   3.1018938302072516E-04   4.6726966722526022E-03   1.3813851606427744E-03   1.0206415104006305E-03
         3         51   8.4039491746960957E-04   2.7542903916596015E-02   9.3788768667215517E-03   7.8500018629539224E-03
         3         52   3.0583679326551782E-06   4.2581453517659745E-03   9.3936757538724402E-04   8.4799553567420707E-04
         3         53   7.0764028200633999E-04   1.0156092671144363E-02   3.3844959493729738E-03   2.6566079468226499E-03
         3         54   0.0000000000000000E+00   4.5672315485040905E-04   8.0705441678505965E-05   1.1231464212184259E-04
         3         55   4.6440688433430928E-07   1.0402185943750389E-03   1.3934730524769776E-04   2.2913469382555238E-04
         3         56   5.9561918675627069E-06   1.3705872055216051E-03   3.7297333884520533E-04   3.9694459262759759E-04
         3         57   5.5491605562337128E-08   9.0044148081341023E-04   1.9962871146907523E-04   2.2070736494200196E-04
         3         58   3.9015140542939027E-07   9.1077963622176908E-04   2.2686418298623688E-04   2.4076502036998851E-04
         3         59   1.5250201476904471E-07   2.8391605569585472E-04   4.0280913290304528E-05   5.2586201447629365E-05
         3         60   3.6098721632178796E-09   1.7262983976527074E-04   3.3280652501482668E-05   3.1729978083137391E-05
         3         61   8.3092373365777561E-12   1.1046907903168896E-04   1.3291682682342520E-05   1.7767672054457337E-05
         3         62   1.1937839819981130E-05   6.3235047877811584E-04   1.1940495439049007E-04   1.2135293395464482E-04
         3         63   5.6728773068296403E-11   1.9741821220392079E-04   2.1025251418700173E-05   2.6723299381842530E-05
         3         64   2.0270217549908344E-09   1.4086225417715790E-04   3.2074233656139580E-05   3.8752345709835288E-05
         3         65   1.1889074603788815E-04   1.9171446827228736E-03   4.7515066120243062E-04   3.4652726080890492E-04
         3         66   8.0721216787582541E-04   8.7479731495423742E-03   3.1927600564985313E-03   2.0245309997286884E-03
         3         67   1.4249802437190525E-04   1.4020544876922555E-03   4.3885911411655203E-04   3.1599593224408354E-04
         3         68   6.0558493108285908E-04   9.7671851568719298E-03   3.8773713962156320E-03   2.6704985527167390E-03
         3         69   2.3444445755651988E-06   1.7969918872158641E-03   3.3097036222030273E-04   3.2831467838856539E-04
         3         70   2.4656697781857528E-04   3.8847546378107515E-03   1.2824997884088470E-03   9.2154034833913964E-04
         3         71   0.0000000000000000E+00   2.0715588683379110E-04   3.5387843500949784E-05   5.5337012927451097E-05
         3         72   4.1452290386736780E-07   3.7530660635452372E-04   5.6704502116510396E-05   7.6787264144187299E-05
         3         73   1.1170360216362263E-06   6.6031835250800858E-04   1.7446029548908012E-04   1.6953491479887919E-04
         3         74   2.6645603558204140E-08   3.7308033249641769E-04   6.6201857711907288E-05   8.5278624120154164E-05
         3         75   6.9324336997268988E-11   2.8732789341944583E-04   5.9915811523148727E-05   6.8041565301490969E-05
         3         76   3.9841491524566058E-05   8.7580060475064871E-03   1.8802640759961434E-03   2.0747693592940443E-03
         3         77   1.2952843783339317E-03   3.6283822727575382E-02   8.8818680380846789E-03   6.1904776769323338E-03
         3         78   2.8106647254245327E-07   4.5697900425527389E-03   9.8860878188955677E-04   1.0158228897332200E-03
         3         79   4.6577538143741472E-10   5.4411806648379211E-03   1.4893619028256784E-03   1.9000344435509521E-03
         3         80   3.0538170942956405E-04   1.4452674537426265E-02   4.1050004088833197E-03   4.0297150872239821E-03
         3         81   8.7472066290235347E-07   1.7866345618670888E-02   4.3912528099713851E-03   3.8395580160819147E-03
         3         82   2.3677180777176934E-03   1.9797578767044601E-02   7.3051447646618551E-03   3.9427532379790152E-03
         3         83   0.0000000000000000E+00   1.1445299233336940E-03   1.0382747790567516E-04   2.0248924931173492E-04
         3         84   4.4433428993668531E-10   1.5286628058502766E-03   1.4618358157207767E-04   3.0665958714026287E-04
         3         85   2.2788927399760147E-07   3.5958015155231429E-03   5.5755242681763105E-04   6.6504022592149168E-04
         3         86   2.8179734121722136E-11   2.6717963566775331E-03   7.2579012315978925E-04   8.3660276443543453E-04
         3         87   6.3692112546395746E-06   3.4760758760034476E-03   8.1819380082122275E-04   7.3024294887866041E-04
         3         88   9.6858610961729173E-03   7.6640104607497650E-02   2.3933404073759528E-02   1.5537919085500481E-02
         3         89   1.6178332607537276E-05   1.3258214055012851E-02   2.3841026828626249E-03   2.8845417429269144E-03
         3         90   3.4121679397028238E-08   9.3936615332168398E-03   2.6116731937809454E-03   2.4768329670149490E-03
         3         91   1.7594853317357554E-04   2.2914850448966368E-02   5.7557796294502670E-03   4.8846861803046246E-03
         3         92   3.8460581237065496E-03   1.3721812513197867E-01   4.0386101439371117E-02   3.1768319908145257E-02
         3         93   3.3382149141276796E-05   5.0431849080890316E-02   1.0714900902304572E-02   1.0059540938503754E-02
         3         94   2.6070868476439748E-03   4.1816970581804336E-02   1.3211530148138454E-02   8.9809196896864906E-03
         3         95   1.9329988646212713E-08   4.0850406014629219E-03   4.1737564862401625E-04   8.4112351505573183E-04
         3         96   5.7317418152241309E-07   9.1148683070351299E-03   1.5714156863972184E-03   1.8808814110038050E-03
         3         97   1.7330346842860154E-10   3.4401646739893191E-03   6.7587405264297356E-04   7.6763987436035623E-04
         3         98   5.8410428504671794E-11   6.2576316710558956E-04   1.7682588315905029E-04   2.2214063019351696E-04
         3         99   4.0732788962997435E-14   7.3330442350882864E-04   1.2547114564637489E-04   1.8068290978292189E-04
         3        100   3.4718002292739328E-06   2.4167621543195357E-03   8.4159040140394385E-04   7.6829517985694846E-04
         3        101   3.4394399523642695E-05   2.6968957325174806E-03   5.8946383730479411E-04   6.4127301062907242E-04
         3        102   2.2397292886980801E-10   9.5072186788678801E-04   2.2963349872910261E-04   1.7019530411337754E-04
         3        103   2.6867330670549242E-13   7.4405479175979864E-04   1.2332130459236941E-04   1.5209596577718477E-04
         3        104   7.7846626824762725E-04   2.4012692669738499E-03   1.2468201056327522E-03   2.4976187445695551E-04
         3        105   0.0000000000000000E+00   1.8546001695377348E-04   6.3350421395888734E-06   2.0843325084795627E-05
         3        106   2.8901589679812234E-10   5.3993432302433487E-04   1.1093865981355670E-04   1.4204007883269478E-04
         3        107   1.3319099521342214E-14   8.0351586162524596E-04   2.1769427336773987E-04   2.9982404358043198E-04
         3        108   6.1425007966833355E-09   5.8993226278522039E-04   1.5763018482245207E-04   2.0640063287864337E-04
         3        109   1.9787068662026312E-04   8.4458222125379304E-03   2.1331652960945428E-03   2.0678888240164670E-03
         3        110   4.5072407890581739E-03   3.0229545543634741E-02   1.1070662693876840E-02   5.9229354614051665E-03
         3        111   1.4815222742513320E-05   5.7782544190000023E-03   9.5210100033247841E-04   1.1478959957505631E-03
         3        112   3.2659591538594007E-08   3.8047300470648937E-03   8.9355600387169755E-04   7.0875170218959041E-04
         3        113   2.3629229994960037E-03   5.0556732738506541E-02   1.7925577028933590E-02   1.1868257895465584E-02
         3        114   2.9536792060074517E-05   1.7364160501656255E-02   3.6849592191888886E-03   3.5099180358908119E-03
         3        115   0.0000000000000000E+00   1.1569731422233938E-03   1.1821964884750837E-04   2.2760633899670513E-04
         3        116   1.7253669778898630E-08   1.3121442449164299E-03   1.5423062008760124E-04   3.0218936371616869E-04
         3        117   1.0749422142010201E-07   3.2407563001302028E-03   7.2429293095732736E-04   7.4545499666365774E-04
         3        118   9.1386341084294042E-11   1.0871438203354259E-03   1.3742888138162736E-04   2.1661802465509710E-04
         3        119   1.5620867883262844E-13   1.3589186510829035E-03   2.6194760092835553E-04   3.1514939092243800E-04
         4          1   9.1792790546854838E-02   2.3119990195710460E-01   1.3881025824336099E-01   3.4995933372548596E-02
         4          2   5.7044909890000460E-02   1.3223161118081966E-01   8.1495911545514832E-02   2.1104517025457761E-02
         4          3   2.5861446567717550E-01   5.4659273109402451E-01   3.4479934315020400E-01   6.5596514480608173E-02
         4          4   4.7374226953618086E-02   2.2508286189404289E-01   1.0266856953844850E-01   4.8598464175848975E-02
         4          5   0.0000000000000000E+00   1.6929412650351868E-03   1.7761667992348317E-05   8.6205860692878763E-05
         4          6   1.1185609198966071E-01   2.7378306484585424E-01   1.5664293187615450E-01   4.5442512062650722E-02
         4          7   3.5599860709635001E-01   8.6803267592083089E-01   5.4752367956702841E-01   8.8985822734748782E-02
         4          8   5.5517008490390041E-01   1.4019638608015184E+00   7.1229238739976664E-01   1.8369652763676550E-01
         4          9   4.8179583372342537E-02   3.2078393522642779E-01   1.0591701975457146E-01   6.3745758642964320E-02
         4         10   9.4497331059778991E-02   3.2903956180590865E-01   1.5297609946920532E-01   6.2295026398541190E-02
         4         11   3.9804965779657825E-01   9.6695773530374507E-01   5.6535216539659072E-01   7.6113066216790398E-02
         4         12   6.0844821508230607E-01   1.1315824383530741E+00   7.3829450686967057E-01   6.4643863069109561E-02
         4         13   1.2076784870960387E-02   1.9199318035075857E-01   4.0190662391618913E-02   3.4392472177243519E-02
         4         14   1.9626864802666394E-01   5.8101948140945237E-01   3.8111113564550486E-01   4.8524426824634585E-02
         4         15   2.9257220427547975E-01   4.9515757838230645E-01   3.7831633428197814E-01   2.8033487009987607E-02
         4         16   1.8338599117983090E-01   2.5753826526950951E-01   2.2204353537606078E-01   8.7343725492326114E-03
         4         17   2.5591163875227149E-05   3.3699625977628253E-02   9.9507404348909024E-04   2.7622600171026937E-03
         4         18   4.6885672916153797E-03   1.2781338713142795E-01   4.9337781428358686E-02   1.9247441391152035E-02
         4         19   1.4362150183031674E-01   2.1196143860523600E-01   1.7457292485378353E-01   1.0102309944134122E-02
         4         20   2.0871230055383536E-02   1.0955515708286140E-01   5.0845158276373086E-02   1.0911265795064714E-02
         4         21   5.1599314927254295E-07   2.9963522905224541E-03   1.9472972070293655E-04   2.2747486548400681E-04
         4         22   2.9404502228353809E-05   2.2785888098616003E-03   3.0565134062835326E-04   1.8102127871042866E-04
         4         23   4.0377943220685890E-04   2.1156355137526648E-03   7.6936254036623776E-04   3.9873141461717142E-04
         4         24   1.9333247526220066E-04   1.5062308058106644E-03   4.8579610267188774E-04   3.2010991808397701E-04
         4         25   7.7339749442548048E-04   2.0523986349083125E-03   1.1756071821737804E-03   3.6970978009021488E-04
         4         26   9.1352447773289998E-04   7.9547876042370212E-03   2.4017053293571883E-03   2.0123802084580033E-03
         4         27   3.0172801426715822E-04   2.5764871308748653E-03   9.6784012279472857E-04   7.1286704648076049E-04
         4         28   5.8574592597984015E-04   3.1655754652228367E-03   1.3764106803645416E-03   8.6789132291912588E-04
         4         29   1.0483764977935617E-05   3.8071067448480295E-04   8.6931127217536959E-05   1.0890405411698204E-04
         4         30   2.1326834922259512E-05   4.2243140412964237E-04   1.1420902974827179E-04   1.2089686512020823E-04
         4         31   1.3538437039081440E-03   4.3008637732709952E-03   2.0203994729197680E-03   7.1469281945020047E-04
         4         32   3.3154082476977596E-03   1.9299265563666883E-02   6.9141604667872060E-03   4.7080481544953690E-03
         4         33   6.8223494144593628E-04   3.4137372064392177E-03   1.3093177256623500E-03   6.1479279015821291E-04
         4         34   9.8412200667393683E-04   8.1071114817238017E-03   2.9753355644513025E-03   2.1223093751207810E-03
         4         35   4.4874000763917141E-06   8.9492761066410804E-04   1.9261400259382185E-04   2.8190673972728340E-04
         4         36   2.7329865724161568E-04   1.8975778142961749E-03   7.4405980531705700E-04   5.3846679164493464E-04
         4         37   1.9422469179105462E-04   1.1557466531429061E-03   4.5421857942880110E-04   3.1069719725957101E-04
         4         38   1.3153803238098082E-04   4.0786718601995597E-04   2.0898441309124744E-04   3.7682504694627740E-05
         4         39   1.8233395501049754E-04   8.3781238764973887E-04   3.3851596322086180E-04   9.3052186267180868E-05
         4         40   7.5839802123792772E-06   1.3612412143507296E-04   2.5228533906439845E-05   2.0520397759511560E-05
         4         41   7.2197328372189149E-06   1.5727575411143469E-04   3.0793432904330779E-05   2.5906783498341386E-05
         4         42   4.7829552369124350E-05   5.1704528670564712E-04   1.0833502396703995E-04   5.2794572569237407E-05
         4         43   5.2337645892917765E-06   1.3164041568993859E-04   2.3017023656097839E-05   1.7316053540720026E-05
         4         44   2.1810785877413250E-06   1.5758499178123030E-04   1.9373327367150165E-05   2.5086916015514624E-05
         4         45   1.3531286230341571E-03   6.8839991437197505E-03   2.7509383383316484E-03   1.5674666173503677E-03
         4         46   2.6884488574488159E-04   1.0030768535556841E-03   4.8164610460729561E-04   1.5181446652920644E-04
         4         47   4.8253321058174838E-04   1.4132614542216426E-03   8.4124358010289496E-04   2.3104477844700680E-04
         4         48   1.0419369521682148E-03   8.2006663004907509E-03   2.9573891931302249E-03   2.2962045769547110E-03
         4         49   4.4731331605119728E-04   3.0629627427188875E-03   1.1951531071441094E-03   7.6889208140463777E-04
         4         50   0.0000000000000000E+00   1.8159535346209615E-04   3.9373786297268645E-06   1.3868591729416398E-05
         4         51   8.9441311307814585E-04   3.3493109794665472E-03   1.7630597577608898E-03   8.6559573185140558E-04
         4         52   1.1688197759618455E-04   4.1307674738230357E-04   1.8905567077600084E-04   8.6126481849684998E-05
         4         53   1.7700884414046023E-03   1.0959147731664502E-02   4.1560528016499768E-03   1.5817999898538693E-03
         4         54   1.7508985829551443E-03   7.2059322474220325E-03   3.1751447646921611E-03   1.2100863977830523E-03
         4         55   2.4271984829154431E-03   8.1279632120497027E-03   3.9736618193569892E-03   1.2308573683123532E-03
         4         56   5.7078404235421428E-03   3.6052391488129353E-02   1.0490896193712910E-02   6.3008682493105378E-03
         4         57   1.9994319311377761E-03   1.1366467359063086E-02   4.2152910178019712E-03   2.4471708719710091E-03
         4         58   2.1696577736701498E-03   1.1984255824725914E-02   4.6923196314677179E-03   2.5774184402788131E-03
         4         59   2.4577880540016734E-06   1.8043187078661533E-03   2.4336614656982530E-04   4.5989292426854115E-04
         4         60   2.0955665221576090E-04   2.8115987270127094E-03   7.0057309526488020E-04   7.0778170861005713E-04
         4         61   5.4381860211258846E-05   1.3311559781783240E-03   2.7936526441324548E-04   2.9484679098962962E-04
         4         62   8.8196156064344975E-03   2.8452697008920749E-02   1.5962665573749327E-02   3.3260823423723108E-03
         4         63   6.4506640977977413E-03   1.7635754863912865E-02   9.1279605251277044E-03   2.3761155612193425E-03
         4         64   5.5792822065972841E-03   1.6897007045966493E-02   9.2952600515074941E-03   2.5749886009280398E-03
         4         65   1.6624684263867359E-02   9.8340181789589420E-02   3.0627859496526577E-02   1.9027744735780640E-02
         4         66   1.0363280213749635E-02   3.7354890296964538E-02   1.7466803726203732E-02   7.2501129765223226E-03
         4         67   1.0119774343677723E-06   5.0811427817815903E-03   6.0197269872431624E-04   1.1572763306360793E-03
         4         68   1.9314228373688799E-03   9.5352978909355908E-03   3.5044194321434126E-03   2.1348491668994793E-03
         4         69   4.4311709169982100E-04   1.6028327918783075E-03   8.6137058574450517E-04   1.3347780226459976E-04
         4         70   7.5362225754719084E-04   2.9648419015170747E-03   1.3223159813130171E-03   2.6549788383652318E-04
         4         71   6.5987633295045694E-05   4.6192974659241401E-04   1.5356220099343608E-04   5.2211147065463667E-05
         4         72   2.0360122547713708E-05   3.8677788361853797E-04   7.1632667484585678E-05   5.8161074510399648E-05
         4         73   1.8143249557751507E-04   1.4392975874622451E-03   3.7747530375196851E-04   1.2379271379990529E-04
         4         74   2.1704895457999272E-05   4.2793670795053995E-04   6.7125583993874206E-05   4.7144452734541623E-05
         4         75   5.1641297534988745E-06   5.2654761520530221E-04   5.1322484005521765E-05   7.3122605390090687E-05
         4         76   4.1063875129797423E-07   2.0322083266373912E-04   1.1420548847074079E-05   1.9807654509518471E-05
         4         77   1.2986646890397128E-07   3.4062392806217607E-04   2.1457026039659423E-05   4.6175536396386968E-05
         4         78   5.6983981585382263E-03   1.1960496838791424E-02   8.2757043579167050E-03   9.5592321137534118E-04
         4         79   1.0614009445371862E-02   3.5267312029394121E-02   1.5717941204705030E-02   5.5253805806192860E-03
         4         80   2.4449499241461481E-03   6.0510781673229815E-03   3.6867987457991649E-03   5.5383540540868224E-04
         4         81   1.3788208586567078E-03   4.6818305078732692E-03   2.5134615907091156E-03   6.7248185543263418E-04
         4         82   6.4181347466213323E-03   3.6664918512974230E-02   1.2344567069471044E-02   7.2234971168543332E-03
         4         83   2.3237898289938017E-03   1.0724653028449976E-02   4.7072570602074149E-03   1.9222291291714827E-03
         4         84   4.9890472479583361E-03   1.4378980837072902E-02   7.4629998503194690E-03   2.4747143820397608E-03
         4         85   1.2318994524466434E-03   4.3608517784837746E-03   1.9020266851958298E-03   9.1227298486705672E-04
         5          1   5.3508038832900236E-02   3.1196907667009821E-01   1.5737514331786998E-01   6.6170579211372094E-02
         5          2   9.8784699978446508E-02   5.9817502058020977E-01   3.1238332543873104E-01   1.4143261108824468E-01
         5          3   1.0789020686970455E-03   1.0786355797000227E-01   3.4401597399210337E-02   2.6707139648191738E-02
         5          4   0.0000000000000000E+00   5.5660170662900584E-02   2.0373977886378729E-02   1.2422412281948902E-02
         5          5   7.3985623445142271E-03   9.6771841984886309E-02   3.9683527710714060E-02   2.5168741932800880E-02
         5          6   8.4290830239976008E-02   5.9748093907055688E-01   3.0209669493370217E-01   1.2872179932906952E-01
         5          7   2.4337559555675709E-01   1.2231980801467559E+00   6.2326163434640214E-01   2.6927393178666842E-01
         5          8   3.5983867754508778E-03   1.8820710772327229E-01   6.3555500430959019E-02   5.0243234096593571E-02
         5          9   0.0000000000000000E+00   1.4439878834129230E-01   3.9160732969038638E-02   3.2098583946994060E-02
         5         10   3.1755488453252302E-02   2.1729714505201583E-01   9.1009202387530463E-02   5.1013529360744742E-02
         5         11   4.3161733941729952E-02   6.8712965994063402E-01   3.3281866106123709E-01   1.4256060886180735E-01
         5         12   3.4335140851924140E-01   1.6015975536460030E+00   7.5592070313019200E-01   3.0603964126749544E-01
         5         13   1.4320796609481951E-02   3.5639323764351732E-01   1.0715839644702899E-01   7.0336506383324143E-02
         5         14   0.0000000000000000E+00   1.5176444193443275E-01   3.8244024867301316E-02   4.8224068067536104E-02
         5         15   1.5643143006302037E-02   3.6784600627040642E-01   1.1713770950905085E-01   7.7028678288466254E-02
         5         16   1.6641229278490787E-03   6.7472230709396086E-01   2.0490301188478532E-01   1.2586461714784999E-01
         5         17   2.0408371175469653E-01   1.4293034060304630E+00   6.4453992651328451E-01   3.0547778741277065E-01
         5         18   6.2086534587149744E-02   3.7252588145918769E-01   1.6390750173572252E-01   5.7816111987651096E-02
         5         19   0.0000000000000000E+00   1.6276044025388978E-01   1.0047665597904723E-02   1.9795065989835183E-02
         5         20   1.4313642081405375E-04   2.8128323924882370E-01   8.1282693899696945E-02   7.3957116034659584E-02
         5         21   3.0738660751332036E-07   2.7673757797190085E-01   6.6359062813670225E-02   6.4075593743777137E-02
         5         22   1.6099534191107465E-01   8.1911407340430997E-01   4.6734632220350003E-01   2.0195130604411854E-01
         5         23   6.7144262235543555E-03   3.2094332995305447E-01   1.3479238064934598E-01   8.9852043676504886E-02
         5         24   0.0000000000000000E+00   3.3655070729369248E-02   2.4876851087227175E-04   1.4286078095801314E-03
         5         25   1.5429191432109718E-09   5.1684160905222980E-02   9.9590125104050409E-03   1.0593201750048594E-02
         5         26   2.7304186288430161E-15   4.4730530461704263E-02   2.8388182059472344E-03   4.3461260334358110E-03
         5         27   1.2670665973924933E-02   6.0501770251776554E-01   3.5764568013873566E-01   2.1944674419447738E-01
         5         28   2.8652760471408730E-06   5.7414504884015305E-01   1.4507868795258802E-01   2.4634824829214591E-01
         5         29   0.0000000000000000E+00   1.5150123083742471E-04   1.9396748108426745E-07   2.7917398796384064E-06
         5         30   6.8989359926197609E-20   4.5644716362716262E-04   2.2893934953976756E-05   3.3814688258640556E-05
         5         31   3.5076478473969723E-06   2.6657577537749333E-01   9.4042426017625594E-02   6.8131181623125855E-02
         5         32   1.2717526093713605E-13   3.6179267677782678E-01   7.0080465428655828E-02   1.2209790127256603E-01
         5         33   6.4453965544003887E-14   6.0646714944582502E-03   8.3425475104830979E-04   7.9169192053610044E-04
         5         34   2.0939209529000111E-05   1.6536061320655867E-03   4.0723940988813141E-04   3.2370831792900373E-04
         5         35   4.1005269895910939E-04   9.5693696037375698E-03   2.7083624723586138E-03   2.0868548645397271E-03
         5         36   5.6868794722389491E-05   1.6250019542503125E-03   4.3327635691792546E-04   3.6753924470291115E-04
         5         37   0.0000000000000000E+00   8.0462125595633137E-04   1.8712614285312795E-04   1.7184526389895619E-04
         5         38   3.7123235679810260E-04   1.0277643434128398E-02   2.9979693080567200E-03   2.6507268655911334E-03
         5         39   3.9175609755932178E-05   3.5090911956056994E-03   9.7639681363132619E-04   9.2991468084377990E-04
         5         40   0.0000000000000000E+00   2.2160751840689420E-03   3.5128487276312278E-04   4.5404363226686251E-04
         5         41   2.4383584682466074E-04   4.2495339019061563E-03   1.0410062286036418E-03   9.7507589705972050E-04
         5         42   0.0000000000000000E+00   2.8398927463140497E-04   5.2546187747581135E-05   7.5206125014083027E-05
         5         43   0.0000000000000000E+00   3.7022492794630703E-04   5.0193305383579249E-05   7.8012190891420534E-05
         5         44   7.6969382148467431E-07   5.8804458628230203E-04   1.2104136351623813E-04   1.4063590601496977E-04
         5         45   0.0000000000000000E+00   3.1134348714876415E-04   8.2870298235018547E-05   8.4685915519078510E-05
         5         46   0.0000000000000000E+00   3.5256019453288971E-04   4.6329213162747195E-05   6.9964338075669588E-05
         5         47   1.0640951522966766E-04   4.7552414409556083E-03   1.6163655220304900E-03   1.1125256000033316E-03
         5         48   2.1172080565428405E-03   2.2840598105932756E-02   8.3461799259114625E-03   5.2910380902163965E-03
         5         49   1.5263295665831947E-04   3.7929778253539652E-03   1.1916327743821075E-03   9.1031898509067843E-04
         5         50   0.0000000000000000E+00   2.7936305937797338E-03   8.0916381374103615E-04   6.5539009763617632E-04
         5         51   5.1764848446211442E-05   4.4101943794928851E-03   1.2199955612237764E-03   1.0776568905799158E-03
         5         52   1.5997720772258251E-03   2.6996995221849091E-02   9.6440300832392259E-03   7.0837015622761922E-03
         5         53   4.4146477856241465E-04   8.5418000414673803E-03   2.7205473901348986E-03   2.3775357901536964E-03
         5         54   6.0901779555870734E-04   9.7222957292134350E-03   2.8673323372102630E-03   2.5334957902585476E-03
         5         55   0.0000000000000000E+00   6.2061918755660478E-04   1.4232166809697550E-04   1.7078339195992072E-04
         5         56   0.0000000000000000E+00   8.2545706218623287E-04   1.9215743771248346E-04   2.0356844697933413E-04
         5         57   8.5275005321128371E-05   1.4064445303227369E-03   4.0375785585525687E-04   3.7797353493697149E-04
         5         58   0.0000000000000000E+00   8.3285986554034353E-04   2.0134350635351843E-04   1.9729525910375462E-04
         5         59   0.0000000000000000E+00   6.8840135304057447E-04   1.3271126338860827E-04   1.7083298721548551E-04
         5         60   1.6500238720911480E-08   9.2361228029818259E-05   1.3279502633905698E-05   1.3986957986885425E-05
         5         61   1.4032212005015907E-06   1.0755708839240413E-03   1.3219257020374744E-04   1.5751031992539377E-04
         5         62   2.0320268819554016E-08   1.4973327344036325E-04   3.6529080089583134E-05   3.2424069680619774E-05
         5         63   9.5963727803388000E-08   1.4907584832412796E-04   3.5370374366912391E-05   3.9148477468554127E-05
         5         64   3.0212577336584823E-07   1.0950614247728053E-03   1.8468577307393283E-04   2.1835921298025916E-04
         5         65   6.0412291561904826E-10   4.9548263991639190E-04   1.0129546510158841E-04   1.2026630948546126E-04
         5         66   1.2338042640722521E-06   2.7613713103437983E-04   5.7159242187389216E-05   6.3181932935219221E-05
         5         67   4.8540787086471079E-05   1.9709508696058192E-03   7.7881970367820331E-04   5.1168241992107530E-04
         5         68   1.1533740263927372E-03   8.3087512816362851E-03   3.3733957062004128E-03   1.8100634171292751E-03
         5         69   4.2391897468097947E-05   1.4532330578386431E-03   4.8410965599370053E-04   3.4621663982704074E-04
         5         70   0.0000000000000000E+00   1.2150126566334639E-03   3.6249378686166141E-04   2.8078779775212516E-04
         5         71   4.1925443828954336E-06   1.4361192019240016E-03   3.9018636153817705E-04   3.4450284640720355E-04
         5         72   7.3012540131365189E-04   1.0422871384877803E-02   4.3120365758765027E-03   2.6764863515428661E-03
         5         73   2.7779781491210680E-04   3.5643157722328612E-03   1.1393242922097010E-03   8.4307704642554713E-04
         5         74   0.0000000000000000E+00   2.0899647712192206E-03   4.5825166535933757E-04   3.6508099092535750E-04
         5         75   1.7375574426693670E-04   2.8862048372160442E-03   1.0272196330779629E-03   8.2183329884601012E-04
         5         76   0.0000000000000000E+00   2.6481080500814438E-04   6.0065366168964102E-05   6.4999872015504217E-05
         5         77   0.0000000000000000E+00   3.1774665440982683E-04   9.2980096511817493E-05   7.7619606294187818E-05
         5         78   2.7307397357100709E-05   5.6078094501296836E-04   1.8097659829832718E-04   1.4979617523441406E-04
         5         79   0.0000000000000000E+00   2.7579552351289521E-04   5.5988700243473978E-05   6.2659892487357304E-05
         5         80   0.0000000000000000E+00   2.6483745887406247E-04   4.0657650401397162E-05   5.6054122010850773E-05
         5         81   5.3602241500739177E-06   5.5046327456110397E-03   1.3171825724492020E-03   1.1246611640887813E-03
         5         82   8.7524344128257802E-04   3.6706524349736369E-02   9.7652932625488676E-03   6.6604926638997022E-03
         5         83   1.0543198649207823E-04   6.3213174981272624E-03   1.7422908016268670E-03   1.2037759393251496E-03
         5         84   0.0000000000000000E+00   2.7636690776901137E-03   5.4464818342040214E-04   5.5826157922468840E-04
         5         85   2.8475074121994742E-06   7.7168647842598146E-03   1.6150483057263073E-03   1.5665036589568573E-03
         5         86   1.7240385381808050E-03   4.4660903587086680E-02   1.1721604092851225E-02   9.5604527264923998E-03
         5         87   2.9950091709482658E-04   1.6537871190662825E-02   3.9596362757769194E-03   3.3494700918224947E-03
         5         88   4.0642198249236233E-04   1.9278098454898633E-02   3.6756202914208992E-03   3.4787150763410180E-03
         5         89   0.0000000000000000E+00   2.4306660274324822E-03   2.4184941048120172E-04   4.0509617351275269E-04
         5         90   1.0230505128113136E-06   3.7014796659616488E-03   6.8148772771386306E-04   7.2387270871653183E-04
         5         91   0.0000000000000000E+00   1.2768831612834505E-03   2.2937661735897543E-04   2.5767491187816792E-04
         5         92   0.0000000000000000E+00   1.4218309130622456E-03   1.8057057741644914E-04   3.0223351495236895E-04
         5         93   3.1490168962143815E-05   2.3257356554391404E-02   6.5850759081805431E-03   5.7674054360521169E-03
         5         94   5.1073057362869137E-03   9.3850504112350353E-02   3.3210765737600186E-02   1.8563745645584655E-02
         5         95   5.2404271385968963E-04   1.6875412464465264E-02   5.6532942271233285E-03   3.8597901352159414E-03
         5         96   0.0000000000000000E+00   1.1420206698418867E-02   2.7725822842957180E-03   2.6566411675034260E-03
         5         97   9.5445797126065122E-06   1.8198436928898207E-02   3.7971333968635571E-03   3.5986764694563795E-03
         5         98   1.0275508336970973E-02   1.1094242450849916E-01   4.0334188460764572E-02   2.5037898682661212E-02
         5         99   4.4195023929923076E-03   3.9872536192826401E-02   1.1427869908823336E-02   8.1082362691397118E-03
         5        100   0.0000000000000000E+00   5.6383172361525076E-03   5.5651363197436901E-04   8.8221425843235069E-04
         5        101   0.0000000000000000E+00   4.2821273891958129E-03   8.8745357014142351E-04   9.5320638888908105E-04
         5        102   3.6729190836048270E-04   1.0131010977497672E-02   2.5707938829511003E-03   2.1506815883230819E-03
         5        103   0.0000000000000000E+00   3.2874230617549014E-03   5.3471724503764066E-04   5.6738376107921958E-04
         5        104   0.0000000000000000E+00   3.2640391249018725E-03   5.2274669875017191E-04   7.9297455326402205E-04
         5        105   2.0568873815866501E-09   1.2453569157065106E-04   1.1716395977475457E-05   1.2703528930608336E-05
         5        106   2.0803043881831337E-06   3.7445520020336137E-03   4.5075362015112541E-04   5.0439403957756022E-04
         5        107   4.1624231635623476E-08   6.6824638090120614E-04   1.2856088592343902E-04   1.4635718951206046E-04
         5        108   3.3123458605381217E-09   4.3291535922515155E-04   8.9724296396033148E-05   9.2763280319355164E-05
         5        109   6.5866253229474795E-07   3.2499407982849345E-03   5.7339707999779421E-04   6.3808648764761083E-04
         5        110   1.0773661071701200E-09   1.8407605141047521E-03   3.4040174830456555E-04   4.2586339355446746E-04
         5        111   0.0000000000000000E+00   3.4582421639124992E-04   1.5616351021853888E-05   3.7671596129448328E-05
         5        112   1.0741959379523306E-06   7.5292773045495794E-04   1.2572368763372503E-04   1.5339924583768788E-04
         5        113   0.0000000000000000E+00   1.5105778844139538E-04   6.9388712830302728E-06   1.2864256412121215E-05
         5        114   0.0000000000000000E+00   2.5461483533036739E-04   6.7207025853627074E-06   2.6989927134063839E-05
         5        115   9.5554265895088920E-16   1.9548785455321684E-04   9.5061771519089938E-06   1.9298180428309152E-05
         5        116   1.4971008426969290E-05   1.0976828304137749E-02   3.3732647588058011E-03   3.0449954688330201E-03
         5        117   3.4947829691768214E-05   6.2359608740046191E-03   2.5227945101041218E-03   1.6659208763766011E-03
         5        118   0.0000000000000000E+00   5.6101608802541754E-03   1.3247939813387870E-03   1.2681831370290678E-03
         5        119   6.2032099160942478E-07   6.2320859566048648E-03   1.2255400423744154E-03   1.2584681089878637E-03
         5        120   4.9942224465185456E-03   4.3936220646343151E-02   1.8589792424137486E-02   9.8322477297592085E-03
         5        121   2.3335774688166893E-03   1.3947295234016263E-02   4.9110333044123334E-03   2.7670157434517631E-03
         5        122   0.0000000000000000E+00   9.7253599092222767E-03   1.9363694735369114E-03   1.8466845900956686E-03
         5        123   1.1300150600455840E-03   1.3712417026430553E-02   3.9333146477831642E-03   3.0076982927724413E-03
         5        124   0.0000000000000000E+00   1.6629260171752186E-03   2.1369983845994275E-04   2.9788022911432662E-04
         5        125   0.0000000000000000E+00   1.9804089237892204E-03   5.2150749792185603E-04   4.7636444441914526E-04
         5        126   3.4368775243495963E-04   3.7971103276600517E-03   1.0782607505040213E-03   7.8910133053946923E-04
         5        127   0.0000000000000000E+00   1.0828771747857437E-03   1.3907135793103336E-04   1.7245498380134879E-04
         5        128   0.0000000000000000E+00   1.2132594760201486E-03   1.5183314933141912E-04   2.5787585993682316E-04
