################################################################################
# Neural network connection values (weights and biases).
################################################################################
# Col  Name       Description
################################################################################
# 1    connection Neural network connection value.
# 2    t          Connection type (a = weight, b = bias).
# 3    index      Index enumerating weights.
# 4    l_s        Starting point layer (end point layer for biases).
# 5    n_s        Starting point neuron in starting layer (end point neuron for biases).
# 6    l_e        End point layer.
# 7    n_e        End point neuron in end layer.
################################################################################
#                      1 2         3     4     5     6     7
#             connection t     index   l_s   n_s   l_e   n_e
############################################################
  4.9256630158304917E+00 a         1     0     1     1     1
  2.6179819873415253E+00 a         2     0     1     1     2
  1.8970198724432976E+01 a         3     0     1     1     3
  1.3547946491880949E+00 a         4     0     1     1     4
  6.9015636779599854E+00 a         5     0     1     1     5
  7.2870971812822223E+00 a         6     0     1     1     6
 -4.1304654624323947E+00 a         7     0     1     1     7
  1.0401147824965456E+01 a         8     0     1     1     8
  9.0672064030674644E+00 a         9     0     1     1     9
 -1.0207690001465261E+01 a        10     0     1     1    10
 -9.7179681057869871E+00 a        11     0     1     1    11
 -6.0862232760735955E+00 a        12     0     1     1    12
 -7.9694509197627985E+00 a        13     0     1     1    13
 -5.7264692075822259E+00 a        14     0     1     1    14
  3.7233789179302423E+00 a        15     0     1     1    15
 -1.0042149056682641E+01 a        16     0     1     1    16
 -4.6473286893606996E+01 a        17     0     1     1    17
  4.2206707439784479E+00 a        18     0     1     1    18
 -3.9910045835906800E+00 a        19     0     1     1    19
  1.5938022495681268E+00 a        20     0     1     1    20
  3.0882344775907622E-01 a        21     0     2     1     1
 -1.5170584807035960E+01 a        22     0     2     1     2
  7.6995822729655616E+00 a        23     0     2     1     3
 -1.6415816897393668E+01 a        24     0     2     1     4
  5.4736215606561380E+00 a        25     0     2     1     5
  8.0996626029591461E+00 a        26     0     2     1     6
  4.6953650512629244E+00 a        27     0     2     1     7
 -5.1038722765887048E+00 a        28     0     2     1     8
  9.7064832115983730E+00 a        29     0     2     1     9
 -2.6537611334726008E-01 a        30     0     2     1    10
  2.2659201855303306E+00 a        31     0     2     1    11
  5.4993973546405996E+00 a        32     0     2     1    12
  4.0984602424472296E+00 a        33     0     2     1    13
 -7.4666526853488175E+00 a        34     0     2     1    14
 -7.5797712571990719E+00 a        35     0     2     1    15
  1.3655927395756065E+00 a        36     0     2     1    16
 -6.6627861301914146E+00 a        37     0     2     1    17
  2.6131466579207689E+00 a        38     0     2     1    18
  1.3024086352512784E+01 a        39     0     2     1    19
 -6.8390492180202482E+00 a        40     0     2     1    20
  4.2865025812509119E+00 a        41     0     3     1     1
 -1.2423434451588376E+01 a        42     0     3     1     2
 -5.5759609748557599E+00 a        43     0     3     1     3
 -1.2502897607200925E+00 a        44     0     3     1     4
  1.3741494582952518E+00 a        45     0     3     1     5
  2.2809615406649584E+01 a        46     0     3     1     6
 -3.6300717853758173E+00 a        47     0     3     1     7
  1.9380470222856949E+00 a        48     0     3     1     8
 -1.1580104095858776E+00 a        49     0     3     1     9
  8.3152063371953773E+00 a        50     0     3     1    10
  3.5096091496347546E+00 a        51     0     3     1    11
  4.8824982332287536E+00 a        52     0     3     1    12
  6.8550133805835776E+00 a        53     0     3     1    13
 -1.0308585025707718E+01 a        54     0     3     1    14
 -8.5079132794655887E-01 a        55     0     3     1    15
 -2.9596044700259472E+00 a        56     0     3     1    16
  1.2421902998750674E+01 a        57     0     3     1    17
  7.3179043936706849E+00 a        58     0     3     1    18
 -5.2285343968767979E+00 a        59     0     3     1    19
 -1.0300729460205074E+00 a        60     0     3     1    20
 -1.6698609611978529E+01 a        61     0     4     1     1
  1.7669820910069294E+01 a        62     0     4     1     2
 -1.9257535489547571E+01 a        63     0     4     1     3
  4.3775764498736232E+00 a        64     0     4     1     4
 -2.0771083888629011E+01 a        65     0     4     1     5
 -1.0809280030578938E+01 a        66     0     4     1     6
 -1.7218819406176882E+00 a        67     0     4     1     7
 -1.9678843293447134E+01 a        68     0     4     1     8
 -2.0056534142026350E+00 a        69     0     4     1     9
 -4.9811505420443020E-01 a        70     0     4     1    10
 -9.4877440626767839E+00 a        71     0     4     1    11
 -1.3366703369219209E+01 a        72     0     4     1    12
  9.3307895656207851E+00 a        73     0     4     1    13
  8.3557810686633438E+00 a        74     0     4     1    14
 -6.6250059458117505E+00 a        75     0     4     1    15
  9.0572711644609427E+00 a        76     0     4     1    16
 -1.5378854147726035E+01 a        77     0     4     1    17
 -1.5863142399492279E+01 a        78     0     4     1    18
 -8.5848473270747334E+00 a        79     0     4     1    19
  1.4152013911516701E+01 a        80     0     4     1    20
 -1.0437433724261213E+01 a        81     0     5     1     1
 -9.0820369575628437E+00 a        82     0     5     1     2
 -5.3541848347826067E+00 a        83     0     5     1     3
 -4.7381564097111148E+00 a        84     0     5     1     4
  7.3836520131424246E+00 a        85     0     5     1     5
 -2.4134136603253321E+01 a        86     0     5     1     6
  4.1129572440803530E+00 a        87     0     5     1     7
  4.9897490183649609E+00 a        88     0     5     1     8
 -2.9229844053892786E+00 a        89     0     5     1     9
 -6.2676227516665195E-01 a        90     0     5     1    10
 -1.5401051659132909E+00 a        91     0     5     1    11
 -5.1033090260211775E+00 a        92     0     5     1    12
 -8.7539039706861779E+00 a        93     0     5     1    13
 -8.6495460037952281E+00 a        94     0     5     1    14
 -6.1952226429371473E+00 a        95     0     5     1    15
 -8.7578751877989482E+00 a        96     0     5     1    16
 -4.6122496559682746E+00 a        97     0     5     1    17
 -2.1726810340676113E+01 a        98     0     5     1    18
 -1.0283472780677529E+01 a        99     0     5     1    19
  1.2039650527794828E+01 a       100     0     5     1    20
  1.0398464186377236E+01 a       101     0     6     1     1
  8.0049290030740323E+00 a       102     0     6     1     2
  3.2976529800003389E+00 a       103     0     6     1     3
  8.1271824922321052E+00 a       104     0     6     1     4
  9.5281428610883125E+00 a       105     0     6     1     5
 -1.1863720448790895E+01 a       106     0     6     1     6
 -1.5653671878080666E+00 a       107     0     6     1     7
 -5.2986298149095363E+00 a       108     0     6     1     8
 -5.4142567580802927E+00 a       109     0     6     1     9
  8.2919361155122573E+00 a       110     0     6     1    10
  6.8681062537693620E+00 a       111     0     6     1    11
 -6.6983085564267801E+00 a       112     0     6     1    12
  1.0217544216131499E+01 a       113     0     6     1    13
  5.4734526969726955E+00 a       114     0     6     1    14
 -6.0850435980275090E+00 a       115     0     6     1    15
 -4.8353962818401550E+00 a       116     0     6     1    16
  9.7779875656878676E+00 a       117     0     6     1    17
  3.5295514484778190E+00 a       118     0     6     1    18
  6.3530881245205402E+00 a       119     0     6     1    19
  1.2071802716325003E+01 a       120     0     6     1    20
  6.9213960631511318E-01 a       121     0     7     1     1
 -1.2693001590908481E+00 a       122     0     7     1     2
 -5.1281419346468740E+00 a       123     0     7     1     3
  5.9179022423088270E+00 a       124     0     7     1     4
 -8.8404770252658214E+00 a       125     0     7     1     5
 -6.9833343365547789E+00 a       126     0     7     1     6
  4.0144419431723115E+00 a       127     0     7     1     7
  4.2306758763296477E+00 a       128     0     7     1     8
 -1.1629543891736855E+00 a       129     0     7     1     9
  4.7067181394102675E-01 a       130     0     7     1    10
  7.2190848885919778E-01 a       131     0     7     1    11
 -8.7592128882616098E+00 a       132     0     7     1    12
 -7.4969805936439862E+00 a       133     0     7     1    13
  1.9616620342905502E-01 a       134     0     7     1    14
 -5.0094000348689272E-01 a       135     0     7     1    15
 -2.0767207465294066E+00 a       136     0     7     1    16
 -9.3470877484950083E+00 a       137     0     7     1    17
  5.0546424590294832E+00 a       138     0     7     1    18
  5.8007032938451397E-01 a       139     0     7     1    19
  3.0326834931770037E+00 a       140     0     7     1    20
  7.3132219038234081E-01 a       141     0     8     1     1
  1.5938331883282808E+00 a       142     0     8     1     2
 -4.8804774834732996E+00 a       143     0     8     1     3
 -8.4452891844757367E+00 a       144     0     8     1     4
 -4.5138550556257773E-01 a       145     0     8     1     5
 -2.0653942364109529E+01 a       146     0     8     1     6
  1.3696761087101430E+01 a       147     0     8     1     7
  1.1785965087600413E+01 a       148     0     8     1     8
 -4.6438686163662313E+00 a       149     0     8     1     9
 -6.2678751110847184E+00 a       150     0     8     1    10
  1.8998337971869805E+00 a       151     0     8     1    11
 -1.8438269278606771E+00 a       152     0     8     1    12
  1.2723873206091236E+01 a       153     0     8     1    13
  7.4148821642238687E+00 a       154     0     8     1    14
  6.6242509848318001E+00 a       155     0     8     1    15
  4.5287831920601507E+00 a       156     0     8     1    16
  8.3220880302463964E+00 a       157     0     8     1    17
 -4.1003577718457068E-01 a       158     0     8     1    18
 -4.9572831194317031E+00 a       159     0     8     1    19
 -2.0288069285845434E+00 a       160     0     8     1    20
 -9.0088643545372704E-01 a       161     0     9     1     1
 -6.5746361644714357E-01 a       162     0     9     1     2
  7.4580319975363976E+00 a       163     0     9     1     3
  6.8660234358596606E+00 a       164     0     9     1     4
  3.7817255017631592E+00 a       165     0     9     1     5
 -8.0528451584031266E+00 a       166     0     9     1     6
  3.2133165593021146E-01 a       167     0     9     1     7
  3.8838500840324079E+00 a       168     0     9     1     8
 -6.7493562124093598E-01 a       169     0     9     1     9
 -3.8282020586899228E+00 a       170     0     9     1    10
  2.1627885837231813E+00 a       171     0     9     1    11
 -2.1469936404804231E+00 a       172     0     9     1    12
 -1.5732717137563024E-01 a       173     0     9     1    13
 -1.4411103149340352E+00 a       174     0     9     1    14
  1.0409588829099192E+00 a       175     0     9     1    15
 -1.0610053427606092E+01 a       176     0     9     1    16
 -4.7619773729103914E+00 a       177     0     9     1    17
  3.9330673605505635E+00 a       178     0     9     1    18
  2.9727271224980845E+00 a       179     0     9     1    19
  4.4561333020428799E+00 a       180     0     9     1    20
 -1.9308221077317203E+01 a       181     0    10     1     1
  1.5358043463612624E+01 a       182     0    10     1     2
  2.3691155448283188E+00 a       183     0    10     1     3
 -1.2433741449486702E+01 a       184     0    10     1     4
  1.3991579238992887E+01 a       185     0    10     1     5
  1.3597831724911642E+00 a       186     0    10     1     6
  4.3763463062050336E+00 a       187     0    10     1     7
 -4.5601424690247461E+00 a       188     0    10     1     8
 -1.0051796047804362E-01 a       189     0    10     1     9
  1.0327205180861725E+01 a       190     0    10     1    10
 -2.6806513030586530E+00 a       191     0    10     1    11
  8.6521720235160764E+00 a       192     0    10     1    12
  4.5613003640891856E+00 a       193     0    10     1    13
 -1.2711522511252062E+00 a       194     0    10     1    14
 -6.3239645923893253E+00 a       195     0    10     1    15
 -1.6778901560907226E+01 a       196     0    10     1    16
  5.6729110899071422E+00 a       197     0    10     1    17
  2.6822109375550255E+01 a       198     0    10     1    18
 -9.8069654590159203E+00 a       199     0    10     1    19
  6.3401174517312286E+00 a       200     0    10     1    20
 -9.3222974191264085E-01 a       201     0    11     1     1
  2.2342832775781374E+00 a       202     0    11     1     2
 -4.7914883052297830E+00 a       203     0    11     1     3
 -3.2136206310230828E+00 a       204     0    11     1     4
 -5.8621496414018246E+00 a       205     0    11     1     5
 -6.4239402993888177E+00 a       206     0    11     1     6
  2.2639319529589202E-01 a       207     0    11     1     7
  2.5043056476822212E+00 a       208     0    11     1     8
 -1.2036729594093847E+01 a       209     0    11     1     9
  1.7413101097059840E+00 a       210     0    11     1    10
  9.2903199022240757E-01 a       211     0    11     1    11
 -2.8869089922347988E+00 a       212     0    11     1    12
  1.2546200718373646E+00 a       213     0    11     1    13
  2.7465526078197815E+00 a       214     0    11     1    14
 -2.7974703807187788E+00 a       215     0    11     1    15
  4.0990867055859379E+00 a       216     0    11     1    16
  4.5298719580829006E-01 a       217     0    11     1    17
 -2.6151856939986571E+00 a       218     0    11     1    18
 -1.8204273313695016E+00 a       219     0    11     1    19
 -1.3681653858493689E-01 a       220     0    11     1    20
  9.3136414824411293E+00 a       221     0    12     1     1
 -9.5583020467872419E+00 a       222     0    12     1     2
 -6.4468760908047553E+00 a       223     0    12     1     3
  1.3035056752185596E+01 a       224     0    12     1     4
  7.4341129127200034E-01 a       225     0    12     1     5
  1.2843572763455711E+01 a       226     0    12     1     6
  7.8014656349156086E-01 a       227     0    12     1     7
 -3.1495820781767607E+00 a       228     0    12     1     8
 -1.2122556930202121E+01 a       229     0    12     1     9
 -2.6700292516390425E+00 a       230     0    12     1    10
  1.1573861763107573E+01 a       231     0    12     1    11
 -2.4971190063475010E-01 a       232     0    12     1    12
  5.1849938609568289E+00 a       233     0    12     1    13
 -1.1448939233923799E+01 a       234     0    12     1    14
 -1.4031688829072037E+01 a       235     0    12     1    15
  8.4369001067683964E+00 a       236     0    12     1    16
 -1.8266309391054968E+01 a       237     0    12     1    17
 -1.0672105726675367E+01 a       238     0    12     1    18
 -3.6320244597515359E+00 a       239     0    12     1    19
  2.7303219659497637E+00 a       240     0    12     1    20
  8.6621502749048265E+00 a       241     0    13     1     1
 -5.8939860776129276E+00 a       242     0    13     1     2
  2.8858648398034945E+00 a       243     0    13     1     3
  7.4228082015281904E+00 a       244     0    13     1     4
 -2.2140942853294865E+00 a       245     0    13     1     5
  5.5083250586237584E+00 a       246     0    13     1     6
  1.9724713081877920E+00 a       247     0    13     1     7
 -4.9937828102961292E+00 a       248     0    13     1     8
 -2.8102001136212000E+00 a       249     0    13     1     9
  2.0337544400190226E+00 a       250     0    13     1    10
  1.1363292641869667E+00 a       251     0    13     1    11
 -3.0823265039179373E+00 a       252     0    13     1    12
  1.8826223982225685E+00 a       253     0    13     1    13
 -4.0625367474012917E+00 a       254     0    13     1    14
 -6.9536726137101281E+00 a       255     0    13     1    15
 -4.1648734270946921E+00 a       256     0    13     1    16
 -4.2703458597127071E+00 a       257     0    13     1    17
  9.5971298558138169E+00 a       258     0    13     1    18
 -1.7932402652244712E+00 a       259     0    13     1    19
  2.5960954413545259E+00 a       260     0    13     1    20
 -3.7155307814367866E+00 a       261     0    14     1     1
  6.4711717706052596E-01 a       262     0    14     1     2
 -1.2409116729582063E+01 a       263     0    14     1     3
  2.2928383687151701E+00 a       264     0    14     1     4
 -4.0583335500320397E+00 a       265     0    14     1     5
 -2.2581754332771511E+00 a       266     0    14     1     6
  3.2632352475745030E+00 a       267     0    14     1     7
 -7.0245506892728971E+00 a       268     0    14     1     8
 -2.6314282505832347E+00 a       269     0    14     1     9
 -8.6260611648794805E-01 a       270     0    14     1    10
 -2.6037167407082523E-01 a       271     0    14     1    11
  3.3005416671061893E+00 a       272     0    14     1    12
 -1.5328944848830881E+00 a       273     0    14     1    13
  7.9961057255089663E-01 a       274     0    14     1    14
 -6.9073388525388424E+00 a       275     0    14     1    15
 -1.1084312921078223E+00 a       276     0    14     1    16
  1.5627820612377983E+01 a       277     0    14     1    17
 -6.4087147238522029E+00 a       278     0    14     1    18
 -1.0408049030163324E+00 a       279     0    14     1    19
  3.6594273428189834E+00 a       280     0    14     1    20
  7.1198195859949411E+00 a       281     0    15     1     1
  1.3266730161880771E+00 a       282     0    15     1     2
 -4.3210964331847386E+00 a       283     0    15     1     3
 -1.0095477500929466E+01 a       284     0    15     1     4
  2.7678885538832581E+00 a       285     0    15     1     5
  2.2788292306984661E+00 a       286     0    15     1     6
  1.1878426706385699E+00 a       287     0    15     1     7
 -3.6401128664449232E+00 a       288     0    15     1     8
 -3.8380116334215755E+00 a       289     0    15     1     9
  4.8223212016680544E-01 a       290     0    15     1    10
  4.9457658097772939E+00 a       291     0    15     1    11
  9.7872065865178970E-01 a       292     0    15     1    12
 -4.4734151959633506E+00 a       293     0    15     1    13
 -6.7591687339207631E+00 a       294     0    15     1    14
 -7.1257685910710515E+00 a       295     0    15     1    15
 -3.0533589496839686E-01 a       296     0    15     1    16
  5.8304283666024022E+00 a       297     0    15     1    17
 -9.7628941150507522E+00 a       298     0    15     1    18
 -5.0065532281068990E+00 a       299     0    15     1    19
  9.2602106413861085E-01 a       300     0    15     1    20
  6.3047794175524938E+00 a       301     0    16     1     1
 -4.8357825877499465E+00 a       302     0    16     1     2
  4.5723738691174729E+00 a       303     0    16     1     3
  4.5301104175535842E+00 a       304     0    16     1     4
 -2.6773779084116098E+00 a       305     0    16     1     5
  5.2203605327346088E+00 a       306     0    16     1     6
 -2.4324460197422764E+00 a       307     0    16     1     7
  4.0780631720828344E+00 a       308     0    16     1     8
  2.0176593137447747E+00 a       309     0    16     1     9
 -1.5089681059389901E+00 a       310     0    16     1    10
  3.9626781311592740E+00 a       311     0    16     1    11
 -4.6331468339744397E+00 a       312     0    16     1    12
  2.8195208591496259E+00 a       313     0    16     1    13
 -4.3577256809928072E-01 a       314     0    16     1    14
  6.4858062452561793E-01 a       315     0    16     1    15
  2.3409882298181253E-01 a       316     0    16     1    16
 -6.8987039689687597E+00 a       317     0    16     1    17
  2.7472926505999664E-03 a       318     0    16     1    18
  2.4206126869739855E-01 a       319     0    16     1    19
 -3.3641122311552443E+00 a       320     0    16     1    20
  9.8526631204303268E+00 a       321     0    17     1     1
  1.4977336646010642E+01 a       322     0    17     1     2
 -6.0824377102606171E+00 a       323     0    17     1     3
  2.6245852933149809E+00 a       324     0    17     1     4
 -3.8142337943000587E-01 a       325     0    17     1     5
 -1.1138438760175919E+01 a       326     0    17     1     6
 -1.4032804576128857E+01 a       327     0    17     1     7
  1.2545126851954921E+01 a       328     0    17     1     8
  4.8961711373645036E+00 a       329     0    17     1     9
 -1.7374576646107144E+01 a       330     0    17     1    10
 -1.1724146632109750E+01 a       331     0    17     1    11
 -3.7590601197558984E+00 a       332     0    17     1    12
 -4.6093356002041563E+00 a       333     0    17     1    13
  7.1289274097197257E+00 a       334     0    17     1    14
  9.6591320983700637E+00 a       335     0    17     1    15
 -4.8483320052602021E+00 a       336     0    17     1    16
 -1.1799608009520583E+01 a       337     0    17     1    17
  2.9401213269198547E+00 a       338     0    17     1    18
 -1.2343482889096213E+01 a       339     0    17     1    19
  3.2454999428087530E+00 a       340     0    17     1    20
  2.4393842004643830E+01 a       341     0    18     1     1
 -1.9250879861561696E+01 a       342     0    18     1     2
  1.6227082014480427E+01 a       343     0    18     1     3
 -1.9923061604903343E+00 a       344     0    18     1     4
 -8.7129731834909503E+00 a       345     0    18     1     5
 -2.0474135446772042E+01 a       346     0    18     1     6
  3.6070202759925323E+01 a       347     0    18     1     7
 -2.6954693426025436E+01 a       348     0    18     1     8
  8.8769069620129706E+00 a       349     0    18     1     9
  3.0355793363073229E+01 a       350     0    18     1    10
 -7.6689146229389547E+00 a       351     0    18     1    11
  5.5359531094784584E+00 a       352     0    18     1    12
  1.5325158359161133E+01 a       353     0    18     1    13
 -1.3457310962586467E+01 a       354     0    18     1    14
 -4.6653978852400693E+00 a       355     0    18     1    15
  3.7881243831031242E+00 a       356     0    18     1    16
 -2.5037245946873778E+01 a       357     0    18     1    17
  1.7417983915282502E+01 a       358     0    18     1    18
  3.5467428216684809E+01 a       359     0    18     1    19
 -1.0092510667053039E+01 a       360     0    18     1    20
  4.5015970120191415E+00 a       361     0    19     1     1
  1.7413801322581000E+00 a       362     0    19     1     2
 -1.2150032109382414E+01 a       363     0    19     1     3
 -8.4098558367672638E+00 a       364     0    19     1     4
  9.2887903669265039E+00 a       365     0    19     1     5
 -1.7432880756906821E+00 a       366     0    19     1     6
 -9.7276194226739729E+00 a       367     0    19     1     7
  1.4992118411787050E+01 a       368     0    19     1     8
 -4.1682843034755912E+00 a       369     0    19     1     9
 -8.6122123878959727E+00 a       370     0    19     1    10
 -5.5331912405062003E+00 a       371     0    19     1    11
  1.3561170775626701E+01 a       372     0    19     1    12
 -2.1533662053952732E+01 a       373     0    19     1    13
 -9.8946409000865234E+00 a       374     0    19     1    14
 -2.2766743307591383E+01 a       375     0    19     1    15
 -2.0849290464339223E+01 a       376     0    19     1    16
  1.7163253283141685E+01 a       377     0    19     1    17
 -1.7613994903478879E+01 a       378     0    19     1    18
 -7.8066194602277950E+00 a       379     0    19     1    19
 -1.1141902968425999E+01 a       380     0    19     1    20
  2.9488370546481470E+00 a       381     0    20     1     1
 -1.2991239387499334E+01 a       382     0    20     1     2
 -5.9985952137906728E-01 a       383     0    20     1     3
 -6.3017241686361798E+00 a       384     0    20     1     4
  2.1516253891610639E+00 a       385     0    20     1     5
 -2.9346216838876749E+01 a       386     0    20     1     6
  8.7927776161719002E+00 a       387     0    20     1     7
 -1.1382380704585410E+01 a       388     0    20     1     8
 -2.8481951926251753E+01 a       389     0    20     1     9
  2.1698008570840177E+01 a       390     0    20     1    10
  1.7471150660845101E+01 a       391     0    20     1    11
 -5.8466595040304070E-01 a       392     0    20     1    12
 -1.0472451991482862E+01 a       393     0    20     1    13
  9.8672018307883196E+00 a       394     0    20     1    14
  3.2138627037712917E+00 a       395     0    20     1    15
  4.1601772627035674E+00 a       396     0    20     1    16
  7.7808686261692266E+00 a       397     0    20     1    17
 -2.6356929509353861E+01 a       398     0    20     1    18
  1.4715601341558743E+01 a       399     0    20     1    19
  5.2085307235938076E+00 a       400     0    20     1    20
 -3.2284457922655122E+01 a       401     0    21     1     1
  1.1635771125587489E+01 a       402     0    21     1     2
 -8.9058294398176869E+00 a       403     0    21     1     3
 -4.4117104811156338E+00 a       404     0    21     1     4
  2.2842236614422276E+01 a       405     0    21     1     5
  1.2679889225188468E+01 a       406     0    21     1     6
 -3.2347176973866802E+01 a       407     0    21     1     7
  1.9523411769719193E+01 a       408     0    21     1     8
  5.8777412624840100E+00 a       409     0    21     1     9
 -3.1944491103206634E+01 a       410     0    21     1    10
  2.3864376691706767E+01 a       411     0    21     1    11
 -1.1719353469608498E+01 a       412     0    21     1    12
 -5.6763135410823917E+00 a       413     0    21     1    13
  4.7494419373720177E+01 a       414     0    21     1    14
  1.4055689031557014E+01 a       415     0    21     1    15
 -2.1445464209919636E+00 a       416     0    21     1    16
 -1.8152795467576070E+01 a       417     0    21     1    17
 -4.4598215829964502E+01 a       418     0    21     1    18
 -1.6958448385199070E+01 a       419     0    21     1    19
  4.0703825771869582E+00 a       420     0    21     1    20
 -7.5231394748781888E-01 a       421     0    22     1     1
  1.0717846831076592E+01 a       422     0    22     1     2
  1.0702508234843771E+01 a       423     0    22     1     3
 -1.0195567991001580E+01 a       424     0    22     1     4
 -1.0414162879854715E+01 a       425     0    22     1     5
 -2.5840974908559840E+01 a       426     0    22     1     6
  2.1158149061878490E+01 a       427     0    22     1     7
 -2.6997292677238566E+01 a       428     0    22     1     8
 -5.2313159190042837E+00 a       429     0    22     1     9
  1.4258238447657734E+01 a       430     0    22     1    10
  8.2906596394485810E+00 a       431     0    22     1    11
  2.9858843132046249E+00 a       432     0    22     1    12
  2.4916749058088101E+01 a       433     0    22     1    13
  2.4483368652581422E+01 a       434     0    22     1    14
  5.0411484602701705E+01 a       435     0    22     1    15
  1.2311524297263217E+01 a       436     0    22     1    16
 -8.1391860503550859E+00 a       437     0    22     1    17
  2.8690548597941884E+01 a       438     0    22     1    18
  6.8664370595098676E+00 a       439     0    22     1    19
  1.5402290285091180E+01 a       440     0    22     1    20
 -9.5144967616392808E+00 a       441     0    23     1     1
 -6.1843985788961229E+00 a       442     0    23     1     2
 -4.3343508718842267E+00 a       443     0    23     1     3
  8.5540129106994343E+00 a       444     0    23     1     4
 -2.0120296230442869E+00 a       445     0    23     1     5
  1.3195371170522096E+01 a       446     0    23     1     6
 -2.6223305747562407E+00 a       447     0    23     1     7
 -3.6435480228547878E+00 a       448     0    23     1     8
 -3.6632831203654517E+00 a       449     0    23     1     9
  4.2785039610552182E+00 a       450     0    23     1    10
 -1.3666522936998897E+00 a       451     0    23     1    11
 -9.5276960368163655E-01 a       452     0    23     1    12
  3.0313636222707112E+00 a       453     0    23     1    13
 -7.7794373660873282E+00 a       454     0    23     1    14
 -9.9714468681384960E-01 a       455     0    23     1    15
  9.0174938338297270E+00 a       456     0    23     1    16
 -3.3372321777689457E+01 a       457     0    23     1    17
  8.9728758500994736E+00 a       458     0    23     1    18
 -1.1355489644874248E+00 a       459     0    23     1    19
  2.6452677532347217E+00 a       460     0    23     1    20
  1.5661162060096093E+01 a       461     0    24     1     1
  7.5210882075756302E+00 a       462     0    24     1     2
 -2.0807294854179896E+00 a       463     0    24     1     3
  5.6606416017890071E+00 a       464     0    24     1     4
 -2.6988214331746274E+01 a       465     0    24     1     5
  3.4463743075903281E+01 a       466     0    24     1     6
 -7.4498147499558156E+00 a       467     0    24     1     7
  9.8177681909021286E-01 a       468     0    24     1     8
 -4.9530293584289016E+00 a       469     0    24     1     9
 -1.6093234238556406E+01 a       470     0    24     1    10
 -1.1587686886227926E+00 a       471     0    24     1    11
 -6.5516842510488127E+00 a       472     0    24     1    12
 -1.4430570645417106E+01 a       473     0    24     1    13
 -7.7383861170615313E+00 a       474     0    24     1    14
 -1.8246136610202919E+00 a       475     0    24     1    15
 -1.4721864646936906E+00 a       476     0    24     1    16
  1.6137321953407902E+01 a       477     0    24     1    17
  1.8555182691621582E+01 a       478     0    24     1    18
  4.4491113637888580E+00 a       479     0    24     1    19
 -3.6502431997113498E+00 a       480     0    24     1    20
  1.4825027403174236E+01 a       481     0    25     1     1
 -5.6515448719542221E+00 a       482     0    25     1     2
  7.0676057524618496E+00 a       483     0    25     1     3
 -1.2526213025948259E+01 a       484     0    25     1     4
  1.0290090724834069E+01 a       485     0    25     1     5
 -2.1003545476105860E+00 a       486     0    25     1     6
 -4.0175682844157459E+00 a       487     0    25     1     7
  2.0180236711464559E+01 a       488     0    25     1     8
 -1.3335938755412009E+00 a       489     0    25     1     9
  1.0097932320564082E+01 a       490     0    25     1    10
  1.5819187069670855E+01 a       491     0    25     1    11
  6.1287564766969345E+00 a       492     0    25     1    12
  2.1423818193827944E+00 a       493     0    25     1    13
  4.7607459874632445E+00 a       494     0    25     1    14
  6.9100713504814344E+00 a       495     0    25     1    15
 -1.0651330820128249E+01 a       496     0    25     1    16
  1.1751963165731699E+01 a       497     0    25     1    17
 -1.1634867925060412E+01 a       498     0    25     1    18
 -1.1175236409716709E+01 a       499     0    25     1    19
 -1.4291808785770026E+01 a       500     0    25     1    20
  1.0856821105711802E+00 a       501     0    26     1     1
  4.9825349866817312E+00 a       502     0    26     1     2
 -5.5116107110930379E+00 a       503     0    26     1     3
 -9.3108696765867620E+00 a       504     0    26     1     4
 -9.9289608215687579E+00 a       505     0    26     1     5
  5.2624319207931727E+00 a       506     0    26     1     6
 -2.0383411802978020E+00 a       507     0    26     1     7
 -1.6818019315544102E+01 a       508     0    26     1     8
  9.5389134848675194E+00 a       509     0    26     1     9
 -6.0393680007068919E+00 a       510     0    26     1    10
 -4.4143283101904479E-01 a       511     0    26     1    11
  1.7639797921415277E+00 a       512     0    26     1    12
  7.4383987503728477E+00 a       513     0    26     1    13
 -1.0465323046919258E+01 a       514     0    26     1    14
 -1.3372575448458500E+01 a       515     0    26     1    15
 -1.1868392030182022E+00 a       516     0    26     1    16
  2.7646695087304003E+01 a       517     0    26     1    17
  5.3038264022259645E+00 a       518     0    26     1    18
 -6.1371901137950848E+00 a       519     0    26     1    19
 -7.3021989310823656E+00 a       520     0    26     1    20
  7.9666248943778617E-01 a       521     0    27     1     1
  1.7262672703064450E+01 a       522     0    27     1     2
 -5.0499892521039360E+00 a       523     0    27     1     3
  1.0424116183917057E+01 a       524     0    27     1     4
 -1.2051874447796690E+01 a       525     0    27     1     5
  2.6619826235472932E+01 a       526     0    27     1     6
  1.5228308297683849E+01 a       527     0    27     1     7
  1.6962829172519804E+01 a       528     0    27     1     8
 -9.5662311428713220E+00 a       529     0    27     1     9
  1.0582713240199206E+01 a       530     0    27     1    10
 -1.2000947829840168E+01 a       531     0    27     1    11
  2.1374673301886908E+01 a       532     0    27     1    12
  9.0439275513446749E+00 a       533     0    27     1    13
 -6.1924594746066166E+00 a       534     0    27     1    14
 -1.0247955518780334E+01 a       535     0    27     1    15
  1.7573621684179790E+00 a       536     0    27     1    16
  7.5582900601805181E-01 a       537     0    27     1    17
  2.6171791868628986E+01 a       538     0    27     1    18
  1.4496944172263960E+01 a       539     0    27     1    19
  7.7022886063687332E+00 a       540     0    27     1    20
  1.4875835283533918E+01 a       541     0    28     1     1
 -1.1623647720567703E+01 a       542     0    28     1     2
 -6.5937740142830830E+00 a       543     0    28     1     3
  2.5779757575757422E+01 a       544     0    28     1     4
  1.3631442898047213E+01 a       545     0    28     1     5
 -4.1426547395617996E+00 a       546     0    28     1     6
 -1.3679175183246691E+01 a       547     0    28     1     7
  2.1443370752276348E+01 a       548     0    28     1     8
 -6.0275096014643452E+00 a       549     0    28     1     9
  1.9473790378160618E+00 a       550     0    28     1    10
  2.6781792509114433E+00 a       551     0    28     1    11
 -1.8920564603898796E+01 a       552     0    28     1    12
 -1.6594037619923476E+01 a       553     0    28     1    13
 -1.0165607567660430E+01 a       554     0    28     1    14
 -3.5294635770389520E+00 a       555     0    28     1    15
 -9.2734284154365376E+00 a       556     0    28     1    16
  1.2881936942468172E+01 a       557     0    28     1    17
  3.1409696543962684E+00 a       558     0    28     1    18
 -1.8522910988383199E+01 a       559     0    28     1    19
 -1.4403147835920660E+01 a       560     0    28     1    20
  2.8752212516868609E+00 a       561     0    29     1     1
  8.9821211857269052E+00 a       562     0    29     1     2
  2.1600972034556452E+01 a       563     0    29     1     3
  2.1477202489786574E+01 a       564     0    29     1     4
  9.7500757686284434E+00 a       565     0    29     1     5
  1.9775277955788233E+01 a       566     0    29     1     6
  4.4145224064277659E+00 a       567     0    29     1     7
 -2.5896822295186879E+00 a       568     0    29     1     8
  1.3441057403728941E+01 a       569     0    29     1     9
  8.1927044267731457E+00 a       570     0    29     1    10
  9.6638491615287396E+00 a       571     0    29     1    11
  6.8616686937093752E-01 a       572     0    29     1    12
  8.6381061786849003E+00 a       573     0    29     1    13
 -2.2277905077167784E+01 a       574     0    29     1    14
  2.1959278520058274E+00 a       575     0    29     1    15
  3.9594035204314558E+01 a       576     0    29     1    16
  1.3320625502171223E+01 a       577     0    29     1    17
  4.7670715988784779E-01 a       578     0    29     1    18
  1.5701579294703391E+01 a       579     0    29     1    19
 -8.3030351881229034E+00 a       580     0    29     1    20
 -1.0033679761447734E+01 a       581     0    30     1     1
  7.2434205558036471E+00 a       582     0    30     1     2
  6.0777034656250750E+00 a       583     0    30     1     3
 -1.6028390863118094E+01 a       584     0    30     1     4
 -2.5704238417693148E+01 a       585     0    30     1     5
  2.4093634580299597E+01 a       586     0    30     1     6
 -1.3356183262173504E+01 a       587     0    30     1     7
 -1.4300408199643073E+01 a       588     0    30     1     8
 -1.8681657958007059E+00 a       589     0    30     1     9
 -1.3004129295999267E+01 a       590     0    30     1    10
  6.3533665866851123E+00 a       591     0    30     1    11
  2.0840204264310724E+00 a       592     0    30     1    12
 -1.8394468657108805E+00 a       593     0    30     1    13
  3.5772574036410756E+00 a       594     0    30     1    14
 -5.7149633983760619E+00 a       595     0    30     1    15
 -1.5659100849874971E+01 a       596     0    30     1    16
  2.7904652516734622E+01 a       597     0    30     1    17
  2.6312546888435168E+01 a       598     0    30     1    18
 -4.4430925630929341E+00 a       599     0    30     1    19
 -1.9860544294850119E+01 a       600     0    30     1    20
  7.4923989307310697E+00 a       601     0    31     1     1
 -9.0280157308393623E+00 a       602     0    31     1     2
  1.3648651966392391E+01 a       603     0    31     1     3
  1.4509990114262491E+01 a       604     0    31     1     4
  5.5214066687860388E+00 a       605     0    31     1     5
  2.2412205463678504E+01 a       606     0    31     1     6
 -2.4631998911969450E+00 a       607     0    31     1     7
  1.7022705026954895E+01 a       608     0    31     1     8
 -2.5391022707691979E-01 a       609     0    31     1     9
  1.0148465402011700E+01 a       610     0    31     1    10
  5.8346981692069182E+00 a       611     0    31     1    11
 -9.5100628450681999E+00 a       612     0    31     1    12
 -1.1946913584705447E+01 a       613     0    31     1    13
  6.8003334866046936E+00 a       614     0    31     1    14
  1.6945641321204981E+01 a       615     0    31     1    15
  1.3547489683953694E+01 a       616     0    31     1    16
  5.7379202939480676E+00 a       617     0    31     1    17
  5.0927583021461160E+00 a       618     0    31     1    18
 -5.2587153198826586E+00 a       619     0    31     1    19
  7.2853919521704551E+00 a       620     0    31     1    20
  1.7114475688484010E+01 a       621     0    32     1     1
 -3.3420690461759013E+00 a       622     0    32     1     2
 -9.1801039436476763E+00 a       623     0    32     1     3
 -2.6766030405106623E+01 a       624     0    32     1     4
 -5.4737632448539921E+00 a       625     0    32     1     5
 -1.2866039593595488E+01 a       626     0    32     1     6
  9.0638994370231085E+00 a       627     0    32     1     7
  1.6498733114048971E+01 a       628     0    32     1     8
 -3.3847266717789468E+00 a       629     0    32     1     9
 -1.3017590937066126E+01 a       630     0    32     1    10
 -3.2064792737569139E+00 a       631     0    32     1    11
 -1.1889472833800392E+01 a       632     0    32     1    12
  1.7848372827905106E+00 a       633     0    32     1    13
  5.1592185615726137E+01 a       634     0    32     1    14
  4.8460155216675718E+00 a       635     0    32     1    15
 -2.5075488744654152E+01 a       636     0    32     1    16
 -4.0769709370306138E+01 a       637     0    32     1    17
 -3.0537153082971749E+01 a       638     0    32     1    18
 -3.7786265306973648E+00 a       639     0    32     1    19
 -1.6335719146457135E+00 a       640     0    32     1    20
  2.1190803690001316E+00 a       641     0    33     1     1
  2.1913992515436682E+01 a       642     0    33     1     2
  4.3665112052350984E-02 a       643     0    33     1     3
 -3.7349596097071216E+00 a       644     0    33     1     4
  9.7661933906165110E+00 a       645     0    33     1     5
 -1.3330516434884467E+01 a       646     0    33     1     6
  5.7460799582395838E-01 a       647     0    33     1     7
  2.4357277109216513E+00 a       648     0    33     1     8
 -4.4396401836264294E+00 a       649     0    33     1     9
  1.4871234525623423E+01 a       650     0    33     1    10
 -1.4703910531953270E+00 a       651     0    33     1    11
  2.8103240889635291E+01 a       652     0    33     1    12
  1.6554326750200850E+01 a       653     0    33     1    13
 -5.3210433166558575E+00 a       654     0    33     1    14
 -1.4282458307865051E+01 a       655     0    33     1    15
 -8.7253511610028625E+00 a       656     0    33     1    16
  1.1176516490235850E+01 a       657     0    33     1    17
  2.0059736596175046E+00 a       658     0    33     1    18
  2.9514216158781630E+00 a       659     0    33     1    19
  2.3864036250291543E+00 a       660     0    33     1    20
  1.1505010635959106E+01 a       661     0    34     1     1
 -2.2248816446954940E+01 a       662     0    34     1     2
 -8.0823269975308598E+00 a       663     0    34     1     3
  2.3712561767231410E+01 a       664     0    34     1     4
 -3.0357685413460218E+00 a       665     0    34     1     5
  1.1602196536639038E+01 a       666     0    34     1     6
 -3.0006859411597901E+01 a       667     0    34     1     7
 -2.8986359371359800E+01 a       668     0    34     1     8
 -3.5888380388464300E+00 a       669     0    34     1     9
 -4.3268062575507926E+00 a       670     0    34     1    10
 -2.8967896372365582E+00 a       671     0    34     1    11
 -2.2750045373942886E+01 a       672     0    34     1    12
  1.5212869997128329E+00 a       673     0    34     1    13
 -1.7667760681670980E+01 a       674     0    34     1    14
 -1.7430865156121371E+01 a       675     0    34     1    15
  1.7781828537938310E+01 a       676     0    34     1    16
 -7.6108012877614604E+00 a       677     0    34     1    17
 -2.2153306394275521E+01 a       678     0    34     1    18
  2.1313463625015991E+00 a       679     0    34     1    19
  9.5307144415017859E+00 a       680     0    34     1    20
  1.0565461707766908E+00 a       681     0    35     1     1
  4.6013730778222328E+00 a       682     0    35     1     2
  1.3363102625590564E+00 a       683     0    35     1     3
 -1.6161674677686136E+01 a       684     0    35     1     4
  8.8889395446741784E+00 a       685     0    35     1     5
  1.1524877500893506E+01 a       686     0    35     1     6
  3.6774118198446026E+00 a       687     0    35     1     7
 -4.2605032445478379E+00 a       688     0    35     1     8
  1.3920669435125541E+00 a       689     0    35     1     9
 -9.2768120849232860E-01 a       690     0    35     1    10
 -5.9745164859298630E+00 a       691     0    35     1    11
  7.0728302931281073E+00 a       692     0    35     1    12
  1.1991161107905806E+00 a       693     0    35     1    13
  1.1134180371699676E+01 a       694     0    35     1    14
 -6.1848350892466559E+00 a       695     0    35     1    15
 -3.9257456954351535E+00 a       696     0    35     1    16
  6.4304927529286875E+00 a       697     0    35     1    17
 -7.0736662777237651E+00 a       698     0    35     1    18
 -9.3217455996649012E-01 a       699     0    35     1    19
 -1.0133243795001288E+00 a       700     0    35     1    20
 -1.2061577464978319E+01 a       701     0    36     1     1
 -3.3246352337386842E+00 a       702     0    36     1     2
 -3.0787619602285767E+00 a       703     0    36     1     3
  1.0703697493483391E-01 a       704     0    36     1     4
  8.3452371289702310E+00 a       705     0    36     1     5
 -2.3271125614641957E+01 a       706     0    36     1     6
  3.1379972765859194E+00 a       707     0    36     1     7
  3.7601618917513191E+00 a       708     0    36     1     8
  1.9920095403919662E+00 a       709     0    36     1     9
  8.3286757549454489E+00 a       710     0    36     1    10
  7.0474340187678299E+00 a       711     0    36     1    11
  1.1272284723012229E+01 a       712     0    36     1    12
  8.4955318253565544E+00 a       713     0    36     1    13
  4.1314413154329914E+00 a       714     0    36     1    14
 -7.3398159283263951E+00 a       715     0    36     1    15
 -2.9450758277542084E+00 a       716     0    36     1    16
 -4.2340432047678783E-01 a       717     0    36     1    17
 -2.0581900064142101E+01 a       718     0    36     1    18
  8.0920570671201553E+00 a       719     0    36     1    19
  5.2700854977248195E+00 a       720     0    36     1    20
 -3.9195391338092693E+00 a       721     0    37     1     1
  2.4176680828652590E+00 a       722     0    37     1     2
 -9.6416356900644953E+00 a       723     0    37     1     3
  3.3971302053101158E+00 a       724     0    37     1     4
 -2.2075031398034902E+01 a       725     0    37     1     5
  1.6547744470291055E+00 a       726     0    37     1     6
 -3.1841540338748326E+00 a       727     0    37     1     7
 -3.5845828740229862E+01 a       728     0    37     1     8
  5.0642648684525060E+00 a       729     0    37     1     9
 -5.4085377346290526E+00 a       730     0    37     1    10
 -1.9644806326855527E+01 a       731     0    37     1    11
 -1.3488528302145722E+01 a       732     0    37     1    12
 -8.3808637137508040E+00 a       733     0    37     1    13
 -6.9679614772276137E+00 a       734     0    37     1    14
 -1.8354300606954586E+00 a       735     0    37     1    15
  2.8067313163818092E+01 a       736     0    37     1    16
  6.0342536077984663E+00 a       737     0    37     1    17
 -1.2157235060571594E+01 a       738     0    37     1    18
 -1.9497595693479191E+00 a       739     0    37     1    19
  4.9607799039429130E+00 a       740     0    37     1    20
 -1.9795696894199953E+01 a       741     0    38     1     1
  1.2577001955422509E+00 a       742     0    38     1     2
  7.0954182148968590E+00 a       743     0    38     1     3
  2.9271855996571158E+01 a       744     0    38     1     4
  2.5828125676147580E+00 a       745     0    38     1     5
  4.5621902203798257E+00 a       746     0    38     1     6
 -1.0294099580813301E+01 a       747     0    38     1     7
  1.0110169120397691E+01 a       748     0    38     1     8
  5.7430586876773910E+00 a       749     0    38     1     9
  1.3700027328428783E+01 a       750     0    38     1    10
 -5.9357197392246173E+00 a       751     0    38     1    11
  5.9338401627565263E-01 a       752     0    38     1    12
  2.6163510789669018E+00 a       753     0    38     1    13
 -2.8423684680126645E+01 a       754     0    38     1    14
  3.8779934553715618E+00 a       755     0    38     1    15
  1.1661605469787856E+01 a       756     0    38     1    16
 -2.2765406213269728E+00 a       757     0    38     1    17
  2.8622617586537356E+01 a       758     0    38     1    18
 -3.2526787994139456E-01 a       759     0    38     1    19
  6.4184628570396178E+00 a       760     0    38     1    20
  5.8585184193646320E+00 a       761     0    39     1     1
 -2.3038165552080049E+01 a       762     0    39     1     2
  2.8548285232547341E+00 a       763     0    39     1     3
 -5.9786053734608560E+00 a       764     0    39     1     4
  9.6063737371837323E+00 a       765     0    39     1     5
 -1.3723010615657104E+01 a       766     0    39     1     6
 -7.2699536826860089E-01 a       767     0    39     1     7
 -9.1739186994763049E+00 a       768     0    39     1     8
  9.7362438184334170E+00 a       769     0    39     1     9
 -2.5038106160584679E+01 a       770     0    39     1    10
 -6.1330731373256882E+00 a       771     0    39     1    11
 -1.2893425002569716E+01 a       772     0    39     1    12
 -6.5596982699270079E+00 a       773     0    39     1    13
 -3.5361885590370594E+00 a       774     0    39     1    14
  2.1390236197907306E+01 a       775     0    39     1    15
  1.2617521161483248E+01 a       776     0    39     1    16
 -6.0746993562308065E+00 a       777     0    39     1    17
 -1.0630063197487498E+00 a       778     0    39     1    18
 -1.3575372120682527E+01 a       779     0    39     1    19
  2.3004626765434555E+00 a       780     0    39     1    20
 -1.8626780692185857E+01 a       781     0    40     1     1
  9.3552988038530298E+00 a       782     0    40     1     2
  1.0225561202295415E+01 a       783     0    40     1     3
 -2.1545709761114260E+01 a       784     0    40     1     4
  1.0505042919006430E+01 a       785     0    40     1     5
  1.4699065765629287E+01 a       786     0    40     1     6
  2.2811741849687436E+01 a       787     0    40     1     7
  2.6897667332338447E+01 a       788     0    40     1     8
  1.7314494569090808E+01 a       789     0    40     1     9
 -8.2014456864685137E+00 a       790     0    40     1    10
 -5.6932642740885466E+00 a       791     0    40     1    11
  2.4153167272304270E+01 a       792     0    40     1    12
 -1.7101226700762606E+01 a       793     0    40     1    13
 -1.3623049978651400E+01 a       794     0    40     1    14
  3.9113257029620678E+00 a       795     0    40     1    15
 -9.1615602280844914E+00 a       796     0    40     1    16
 -1.2688204366150762E+00 a       797     0    40     1    17
 -5.3711669680019742E+00 a       798     0    40     1    18
  1.4763973018956550E+01 a       799     0    40     1    19
 -1.0734614536007353E+01 a       800     0    40     1    20
 -2.7220829514648095E+00 b       801     1     1
  3.6992431407402937E-01 b       802     1     2
 -7.0286997340182933E-01 b       803     1     3
 -4.3254555765611515E+00 b       804     1     4
  2.2526607599893600E+00 b       805     1     5
 -4.4420617444868737E+00 b       806     1     6
 -1.4121422829036603E+00 b       807     1     7
  6.0090777159988062E-01 b       808     1     8
 -2.4530896175842911E+00 b       809     1     9
  4.5544801369064353E-01 b       810     1    10
 -4.9327313786850485E-01 b       811     1    11
  5.4998873549351353E-02 b       812     1    12
 -4.5118953890462044E-01 b       813     1    13
  1.6991705517269389E+00 b       814     1    14
  1.2639111153133623E-01 b       815     1    15
  4.8265857959279517E+00 b       816     1    16
 -1.6765867516720959E+01 b       817     1    17
  1.8547905066717023E+00 b       818     1    18
 -4.2630609239178359E+00 b       819     1    19
 -1.2854656840836238E+00 b       820     1    20
 -7.0399030442179651E+00 a       821     1     1     2     1
 -3.6395206881249642E-01 a       822     1     1     2     2
 -1.4002088176102092E+00 a       823     1     1     2     3
 -1.1083898178016436E+00 a       824     1     1     2     4
  6.0770047078576157E+00 a       825     1     1     2     5
 -6.1582199048660433E+00 a       826     1     1     2     6
 -1.4225028057953672E+01 a       827     1     1     2     7
  1.4137900958926052E+01 a       828     1     1     2     8
  5.0972436529181464E-01 a       829     1     1     2     9
 -5.3391185978049984E+00 a       830     1     1     2    10
  3.1968116698908569E+00 a       831     1     1     2    11
  1.1480583631636128E+01 a       832     1     1     2    12
  7.8303187726045564E-01 a       833     1     1     2    13
  5.9677830824275502E-01 a       834     1     1     2    14
 -2.1643152615629737E+00 a       835     1     1     2    15
  2.2411592635979094E+00 a       836     1     1     2    16
 -2.0188824776000609E+00 a       837     1     1     2    17
  4.5327117869405081E-01 a       838     1     1     2    18
 -7.3438619208023228E+00 a       839     1     1     2    19
 -2.6548926704273224E+00 a       840     1     1     2    20
 -1.5251730243416386E+00 a       841     1     2     2     1
  1.6012618721368867E-02 a       842     1     2     2     2
 -3.8585991592470235E+00 a       843     1     2     2     3
 -1.1906330054109220E+00 a       844     1     2     2     4
 -6.1180083234145730E+00 a       845     1     2     2     5
  2.4795278765202884E+00 a       846     1     2     2     6
 -3.1330432487049071E+00 a       847     1     2     2     7
  4.8429745150817123E+00 a       848     1     2     2     8
  2.2534277013352377E+00 a       849     1     2     2     9
 -4.4693266555767988E+00 a       850     1     2     2    10
  1.0303974928547687E+01 a       851     1     2     2    11
  6.2990602094742476E+00 a       852     1     2     2    12
 -2.7340087228780865E+00 a       853     1     2     2    13
  2.1489385584428347E-01 a       854     1     2     2    14
 -1.8953731359437609E+00 a       855     1     2     2    15
 -8.5328246564734478E-01 a       856     1     2     2    16
 -2.9466910894279672E+00 a       857     1     2     2    17
  6.3557133756941941E-01 a       858     1     2     2    18
 -3.7001961846938793E+00 a       859     1     2     2    19
 -5.2275622827013555E+00 a       860     1     2     2    20
  1.2316047264673481E+01 a       861     1     3     2     1
 -1.6787429800694642E+00 a       862     1     3     2     2
 -3.2263363369981057E+00 a       863     1     3     2     3
  2.4271126421603975E+00 a       864     1     3     2     4
 -1.8305581141288112E+00 a       865     1     3     2     5
  5.8006501152659897E+00 a       866     1     3     2     6
 -6.0389286143976264E+00 a       867     1     3     2     7
  4.0686714571534948E+00 a       868     1     3     2     8
 -7.7603295334038318E+00 a       869     1     3     2     9
  9.1280415686903915E-01 a       870     1     3     2    10
 -4.5547443474447453E+00 a       871     1     3     2    11
  5.5749902329282408E+00 a       872     1     3     2    12
  6.1550373413808224E+00 a       873     1     3     2    13
  3.7580739814774313E+00 a       874     1     3     2    14
 -6.6231173394552853E-02 a       875     1     3     2    15
 -7.0572595075250737E+00 a       876     1     3     2    16
 -4.1433455957586283E+00 a       877     1     3     2    17
 -6.5532555459484709E-01 a       878     1     3     2    18
  4.1487019266174840E+00 a       879     1     3     2    19
  3.0782785571284896E+00 a       880     1     3     2    20
 -2.3370741309873546E+00 a       881     1     4     2     1
 -9.4485704228199516E+00 a       882     1     4     2     2
 -5.2298049796867483E+00 a       883     1     4     2     3
 -7.3139825259142706E+00 a       884     1     4     2     4
 -1.9044666869904261E+00 a       885     1     4     2     5
  4.0828680442810370E+00 a       886     1     4     2     6
  7.1864885248079808E+00 a       887     1     4     2     7
 -1.8966311568581315E+01 a       888     1     4     2     8
  4.1761390729475156E+00 a       889     1     4     2     9
 -5.1751688901360433E+00 a       890     1     4     2    10
  8.6222447300909955E-01 a       891     1     4     2    11
  1.1516192522249997E+00 a       892     1     4     2    12
  4.2201820624775612E+00 a       893     1     4     2    13
 -3.4032785463043886E+00 a       894     1     4     2    14
 -1.6995206559131169E+00 a       895     1     4     2    15
  2.6528220594225180E+00 a       896     1     4     2    16
  4.0519103443089666E+00 a       897     1     4     2    17
 -6.2697481608241035E-01 a       898     1     4     2    18
  1.0531998165529362E+01 a       899     1     4     2    19
  2.9659705374181753E+00 a       900     1     4     2    20
 -6.5009233660482639E+00 a       901     1     5     2     1
 -5.3669640646823771E+00 a       902     1     5     2     2
  2.7355116492622766E-01 a       903     1     5     2     3
 -2.3395651483502271E+00 a       904     1     5     2     4
  3.4053864202230075E+00 a       905     1     5     2     5
  8.0352466977745141E-01 a       906     1     5     2     6
  3.0615279708576515E+00 a       907     1     5     2     7
 -6.8732565119179601E+00 a       908     1     5     2     8
  2.0888306273664381E+00 a       909     1     5     2     9
 -1.2272033558512263E+00 a       910     1     5     2    10
 -1.8241083350946838E+00 a       911     1     5     2    11
 -1.6445698455920279E-02 a       912     1     5     2    12
  4.1466034402754230E+00 a       913     1     5     2    13
 -1.4419075611607740E-01 a       914     1     5     2    14
 -2.2235708317686842E-01 a       915     1     5     2    15
 -2.4871359894205658E+00 a       916     1     5     2    16
  2.6220071415601287E-01 a       917     1     5     2    17
 -5.7440227522394693E-01 a       918     1     5     2    18
 -2.9375314271396999E+00 a       919     1     5     2    19
  2.5510349207278833E+00 a       920     1     5     2    20
  1.6311849772610664E+01 a       921     1     6     2     1
  2.6039496788658192E+00 a       922     1     6     2     2
 -3.2633833816538393E-01 a       923     1     6     2     3
 -9.7511175560106000E+00 a       924     1     6     2     4
  3.3800219080903031E+00 a       925     1     6     2     5
  1.0237562194686134E+01 a       926     1     6     2     6
 -2.4586094098663707E+00 a       927     1     6     2     7
 -4.1992110802445177E+00 a       928     1     6     2     8
 -6.4557323254814687E+00 a       929     1     6     2     9
 -4.4593423754344297E-01 a       930     1     6     2    10
 -1.3681253680733418E+01 a       931     1     6     2    11
  7.1091575169722550E+00 a       932     1     6     2    12
  3.0703998473354556E+01 a       933     1     6     2    13
  4.8750237684231816E+00 a       934     1     6     2    14
 -1.3892974636329859E+01 a       935     1     6     2    15
  8.1154733761327549E+00 a       936     1     6     2    16
  2.0096215504240618E+01 a       937     1     6     2    17
  3.7954122753967112E-01 a       938     1     6     2    18
  2.1700742618604791E+00 a       939     1     6     2    19
 -7.9402390196463823E+00 a       940     1     6     2    20
  5.5570237957653390E+00 a       941     1     7     2     1
  5.6224708686684499E+00 a       942     1     7     2     2
 -1.4756385770456846E+00 a       943     1     7     2     3
  4.7654619304793879E+00 a       944     1     7     2     4
  2.0722130855788241E+00 a       945     1     7     2     5
  1.5300059209827024E+00 a       946     1     7     2     6
 -8.0593203146636956E+00 a       947     1     7     2     7
 -1.0937883166798714E+00 a       948     1     7     2     8
  1.3096982528547345E+00 a       949     1     7     2     9
  1.0237307394431556E+00 a       950     1     7     2    10
 -5.4899420796159459E+00 a       951     1     7     2    11
  8.3969704608082623E+00 a       952     1     7     2    12
 -2.5107091551744838E+00 a       953     1     7     2    13
  6.0834356876016153E+00 a       954     1     7     2    14
 -3.1798361580565353E+00 a       955     1     7     2    15
  5.6083454432607205E-01 a       956     1     7     2    16
  9.8882426175648364E-01 a       957     1     7     2    17
 -7.0630206573986563E+00 a       958     1     7     2    18
  1.7353539103766848E+00 a       959     1     7     2    19
 -4.0863476202246476E+00 a       960     1     7     2    20
 -1.0179215924433297E+01 a       961     1     8     2     1
  2.7039812584178441E-01 a       962     1     8     2     2
  5.6945581072675520E+00 a       963     1     8     2     3
 -4.7879077639366852E-01 a       964     1     8     2     4
  1.7186345535672938E+00 a       965     1     8     2     5
 -1.3728839017564214E+00 a       966     1     8     2     6
 -4.0826204896676952E+00 a       967     1     8     2     7
 -1.0845229653104671E+00 a       968     1     8     2     8
  1.9390187238949359E+00 a       969     1     8     2     9
 -9.7831437615182343E-02 a       970     1     8     2    10
  3.1664495069888376E+00 a       971     1     8     2    11
  1.1769459740593726E+00 a       972     1     8     2    12
  6.7852726656318136E+00 a       973     1     8     2    13
  3.1542463353522607E+00 a       974     1     8     2    14
 -1.7653283573264329E+00 a       975     1     8     2    15
  1.8188238491515740E+00 a       976     1     8     2    16
  1.0363678002303334E+00 a       977     1     8     2    17
 -1.4602788680090502E+00 a       978     1     8     2    18
 -1.5191626729972476E+00 a       979     1     8     2    19
  1.2353230841189722E+00 a       980     1     8     2    20
  5.3299429318489109E+00 a       981     1     9     2     1
 -3.8186044848870964E+00 a       982     1     9     2     2
 -8.4393849763204287E-01 a       983     1     9     2     3
 -1.1307683543467533E+00 a       984     1     9     2     4
 -7.9194660009969553E+00 a       985     1     9     2     5
 -8.7060820208439278E+00 a       986     1     9     2     6
 -6.1412488385223716E+00 a       987     1     9     2     7
  2.7724770659755475E+00 a       988     1     9     2     8
  3.0658604663126610E-01 a       989     1     9     2     9
  8.4093210434732768E+00 a       990     1     9     2    10
  5.2940602521281530E+00 a       991     1     9     2    11
  3.6504286816592768E+00 a       992     1     9     2    12
 -5.4131397421653258E+00 a       993     1     9     2    13
  2.8213927721825867E+00 a       994     1     9     2    14
 -2.3328206221768863E+00 a       995     1     9     2    15
  7.3963265182892570E+00 a       996     1     9     2    16
 -4.9737280996294082E+00 a       997     1     9     2    17
 -1.3506264061621134E+00 a       998     1     9     2    18
 -7.7019178865539297E+00 a       999     1     9     2    19
  3.2764570340410306E+00 a      1000     1     9     2    20
 -7.0360943976043719E+00 a      1001     1    10     2     1
 -2.7482020363628181E+00 a      1002     1    10     2     2
 -2.3699018589625904E+00 a      1003     1    10     2     3
 -3.9511599578522376E+00 a      1004     1    10     2     4
  3.2252180914432033E-01 a      1005     1    10     2     5
  9.3356383514712749E-01 a      1006     1    10     2     6
 -3.1816432296415886E-01 a      1007     1    10     2     7
 -8.8883197746349580E+00 a      1008     1    10     2     8
 -1.7699991983349059E+00 a      1009     1    10     2     9
 -7.7673035417970759E-01 a      1010     1    10     2    10
 -1.9068074646553783E+00 a      1011     1    10     2    11
 -9.2478593809918284E+00 a      1012     1    10     2    12
  8.3433090608252769E+00 a      1013     1    10     2    13
 -6.9152110789929910E-01 a      1014     1    10     2    14
 -3.3922430179518224E+00 a      1015     1    10     2    15
 -7.6012327598626794E-01 a      1016     1    10     2    16
  1.7833359118200540E+00 a      1017     1    10     2    17
 -3.0948350723840181E+00 a      1018     1    10     2    18
  7.0412815206757688E+00 a      1019     1    10     2    19
 -6.0510295064147668E-01 a      1020     1    10     2    20
  3.1803906903351451E+00 a      1021     1    11     2     1
  1.6194861688506967E+00 a      1022     1    11     2     2
 -4.1751807068904219E+00 a      1023     1    11     2     3
 -5.1107924474745987E+00 a      1024     1    11     2     4
 -2.2300183114574947E+00 a      1025     1    11     2     5
 -9.1906783999134389E-01 a      1026     1    11     2     6
  1.6660224985044017E-01 a      1027     1    11     2     7
  1.7899299504453909E+00 a      1028     1    11     2     8
 -4.4564659370257270E-01 a      1029     1    11     2     9
  1.8822022000441765E+00 a      1030     1    11     2    10
 -2.7870043556232056E+00 a      1031     1    11     2    11
  6.8388269117536549E+00 a      1032     1    11     2    12
 -1.3815015392081598E+00 a      1033     1    11     2    13
 -2.4352703107948122E+00 a      1034     1    11     2    14
  2.0803617585418750E+00 a      1035     1    11     2    15
 -2.7685042179825761E+00 a      1036     1    11     2    16
  2.8190738209162025E+00 a      1037     1    11     2    17
 -3.0742420500878453E+00 a      1038     1    11     2    18
  8.7738691108158999E+00 a      1039     1    11     2    19
  3.9952639204039653E-01 a      1040     1    11     2    20
  5.8228471619395226E+00 a      1041     1    12     2     1
  9.5863011918753527E-01 a      1042     1    12     2     2
 -3.4497940097060337E-01 a      1043     1    12     2     3
  5.0140271573481066E+00 a      1044     1    12     2     4
  9.9870450918727149E-01 a      1045     1    12     2     5
 -1.1221115121693697E+00 a      1046     1    12     2     6
 -2.3039978618865873E+00 a      1047     1    12     2     7
 -8.7293395165327226E-01 a      1048     1    12     2     8
 -1.7334332124961935E+00 a      1049     1    12     2     9
 -3.3814261113033348E+00 a      1050     1    12     2    10
  1.8119806659240245E+00 a      1051     1    12     2    11
  4.8027684669143227E+00 a      1052     1    12     2    12
  8.5765302125216110E+00 a      1053     1    12     2    13
  3.5034932498294893E+00 a      1054     1    12     2    14
  5.8678627010917661E-01 a      1055     1    12     2    15
 -2.0202054382262614E-02 a      1056     1    12     2    16
 -1.4171203959601675E+00 a      1057     1    12     2    17
 -2.4574890703661643E+00 a      1058     1    12     2    18
  1.9559591429214083E+00 a      1059     1    12     2    19
  4.4664178582838030E+00 a      1060     1    12     2    20
 -4.2814605721391930E+00 a      1061     1    13     2     1
  3.0625289910817416E-01 a      1062     1    13     2     2
  1.3004814191736376E+00 a      1063     1    13     2     3
  8.4809666291055752E+00 a      1064     1    13     2     4
 -3.3517292994483866E-01 a      1065     1    13     2     5
  4.7650381737726963E+00 a      1066     1    13     2     6
  2.4364866592593755E+00 a      1067     1    13     2     7
 -8.9581641566077561E+00 a      1068     1    13     2     8
 -6.6499643116554696E-01 a      1069     1    13     2     9
  1.9411496628122027E+00 a      1070     1    13     2    10
 -9.4914436418366250E+00 a      1071     1    13     2    11
 -3.1105402811219056E+00 a      1072     1    13     2    12
 -5.6446305752663961E-01 a      1073     1    13     2    13
  3.7130013540335682E-01 a      1074     1    13     2    14
  2.5237298119256453E+00 a      1075     1    13     2    15
 -2.1047052161344602E+00 a      1076     1    13     2    16
 -8.2566511507396090E+00 a      1077     1    13     2    17
 -5.2987086549594338E+00 a      1078     1    13     2    18
  4.0806536747753821E+00 a      1079     1    13     2    19
  1.0652497318450482E+00 a      1080     1    13     2    20
 -9.1884799377894879E+00 a      1081     1    14     2     1
 -3.0732592270210479E+00 a      1082     1    14     2     2
 -2.5938386463150533E+00 a      1083     1    14     2     3
 -6.5882875221389634E+00 a      1084     1    14     2     4
 -4.0441975143592218E-01 a      1085     1    14     2     5
 -2.4465515827892941E+00 a      1086     1    14     2     6
  1.2220532498195981E+01 a      1087     1    14     2     7
 -9.8030328986176274E-01 a      1088     1    14     2     8
  3.4189728676619753E+00 a      1089     1    14     2     9
  9.1417795467506491E-01 a      1090     1    14     2    10
  4.2761082141430062E+00 a      1091     1    14     2    11
  3.2068011495266431E+00 a      1092     1    14     2    12
 -2.2210844091689141E+00 a      1093     1    14     2    13
 -5.5158105519029457E-02 a      1094     1    14     2    14
 -1.2535975824786774E+00 a      1095     1    14     2    15
  8.9721120864750290E+00 a      1096     1    14     2    16
  3.5345628784191541E+00 a      1097     1    14     2    17
 -4.6735535446580947E+00 a      1098     1    14     2    18
 -2.3918039052924684E+00 a      1099     1    14     2    19
  3.0985869734865606E-01 a      1100     1    14     2    20
  1.2242859529980514E+00 a      1101     1    15     2     1
  8.7287560866993319E-01 a      1102     1    15     2     2
 -1.3064699051437989E+00 a      1103     1    15     2     3
 -2.2593958070992990E+00 a      1104     1    15     2     4
 -3.7105074434826144E+00 a      1105     1    15     2     5
 -1.9202469489167395E+00 a      1106     1    15     2     6
  1.5140439975731730E+00 a      1107     1    15     2     7
  6.0119307818162708E+00 a      1108     1    15     2     8
 -9.6074961825414862E-01 a      1109     1    15     2     9
 -5.7337135031448270E+00 a      1110     1    15     2    10
  5.9028061094121931E+00 a      1111     1    15     2    11
  9.6425240061515662E+00 a      1112     1    15     2    12
  5.1784118186346664E+00 a      1113     1    15     2    13
  3.1079866429714862E+00 a      1114     1    15     2    14
  1.6403283088835869E+00 a      1115     1    15     2    15
 -1.4003087972577519E+00 a      1116     1    15     2    16
  1.2677535949717083E+00 a      1117     1    15     2    17
 -1.5392268835460861E+00 a      1118     1    15     2    18
  1.7057046746184159E+00 a      1119     1    15     2    19
 -4.3258427270680428E+00 a      1120     1    15     2    20
  1.3061690054093507E+01 a      1121     1    16     2     1
 -4.3519771120520785E+00 a      1122     1    16     2     2
 -1.2790732581770113E+01 a      1123     1    16     2     3
 -3.3714102483515180E+00 a      1124     1    16     2     4
 -1.8330487193050835E+00 a      1125     1    16     2     5
 -1.5239549244543910E-01 a      1126     1    16     2     6
  6.5117428414057716E+00 a      1127     1    16     2     7
  9.6916284400151582E+00 a      1128     1    16     2     8
 -5.9919440180003329E+00 a      1129     1    16     2     9
 -6.2450624921134397E+00 a      1130     1    16     2    10
  9.7282107122618899E-01 a      1131     1    16     2    11
  1.8465881031705478E+00 a      1132     1    16     2    12
 -1.0885088528041074E+01 a      1133     1    16     2    13
  1.2390902954280885E+00 a      1134     1    16     2    14
 -3.0269576864673593E+00 a      1135     1    16     2    15
 -2.4271796860949468E+00 a      1136     1    16     2    16
 -7.0236876103657107E+00 a      1137     1    16     2    17
 -6.6415353800108488E+00 a      1138     1    16     2    18
 -1.2991687953198110E+01 a      1139     1    16     2    19
  2.0919820167405612E+00 a      1140     1    16     2    20
 -1.4327469056612331E+01 a      1141     1    17     2     1
 -1.1030952024904110E+00 a      1142     1    17     2     2
 -1.3230137268321687E-01 a      1143     1    17     2     3
  3.6002694899003878E+00 a      1144     1    17     2     4
 -5.5169354224723497E+00 a      1145     1    17     2     5
 -5.3784230882021324E+00 a      1146     1    17     2     6
  2.3571182650829705E+01 a      1147     1    17     2     7
 -7.3085932591138185E+00 a      1148     1    17     2     8
 -1.0240868783725245E+00 a      1149     1    17     2     9
 -2.6364124047901529E+00 a      1150     1    17     2    10
 -1.0630236928143985E+01 a      1151     1    17     2    11
 -4.2715985010456761E+00 a      1152     1    17     2    12
  1.3547769899592210E+00 a      1153     1    17     2    13
 -8.2929098639367826E-01 a      1154     1    17     2    14
 -6.1412733639809214E-01 a      1155     1    17     2    15
 -2.8090307150014708E+00 a      1156     1    17     2    16
 -1.0481990852168398E+01 a      1157     1    17     2    17
  1.2188843312411006E+01 a      1158     1    17     2    18
 -2.0642064171690684E+01 a      1159     1    17     2    19
  2.8642800976421814E+00 a      1160     1    17     2    20
  4.4980716680349291E+00 a      1161     1    18     2     1
 -1.9342314244551992E+00 a      1162     1    18     2     2
 -5.6864813170130413E+00 a      1163     1    18     2     3
 -1.2120608818150851E+00 a      1164     1    18     2     4
 -2.1470231556616275E+00 a      1165     1    18     2     5
  2.1731856700534542E+00 a      1166     1    18     2     6
 -4.5444606808411727E+00 a      1167     1    18     2     7
 -1.5764983300606519E+00 a      1168     1    18     2     8
 -1.9609573723408300E+00 a      1169     1    18     2     9
  1.3889997725553976E-01 a      1170     1    18     2    10
 -7.6335735949029015E-01 a      1171     1    18     2    11
 -1.7992001069068966E+00 a      1172     1    18     2    12
 -7.5667987952393254E+00 a      1173     1    18     2    13
 -2.7231066092634726E+00 a      1174     1    18     2    14
  2.0657086416666575E+00 a      1175     1    18     2    15
  4.6056418865826334E+00 a      1176     1    18     2    16
 -3.6216392285671004E+00 a      1177     1    18     2    17
  1.3552453379465690E-01 a      1178     1    18     2    18
 -8.2403801513831132E-01 a      1179     1    18     2    19
 -3.0124668952027100E+00 a      1180     1    18     2    20
 -3.8873136312095098E+00 a      1181     1    19     2     1
 -3.6392944217033247E+00 a      1182     1    19     2     2
  3.8179959495930926E-01 a      1183     1    19     2     3
  3.3887142911253898E+00 a      1184     1    19     2     4
 -3.3166819482769050E+00 a      1185     1    19     2     5
 -1.8849392243382574E+00 a      1186     1    19     2     6
  4.6624336132141488E+00 a      1187     1    19     2     7
 -9.6880799669922135E-01 a      1188     1    19     2     8
 -2.9367262354383175E+00 a      1189     1    19     2     9
 -9.7760474342629760E+00 a      1190     1    19     2    10
 -4.6642609073175384E-01 a      1191     1    19     2    11
  3.1844872323492295E+00 a      1192     1    19     2    12
 -2.3560595073158183E-01 a      1193     1    19     2    13
 -7.4554786854254695E+00 a      1194     1    19     2    14
 -3.0120119821638132E+00 a      1195     1    19     2    15
 -5.9271127212649439E+00 a      1196     1    19     2    16
 -2.2499941289571370E+00 a      1197     1    19     2    17
 -1.3285989554564273E+01 a      1198     1    19     2    18
  5.6864112678853669E+00 a      1199     1    19     2    19
  8.0358574711237918E-01 a      1200     1    19     2    20
 -1.1967744816285206E+01 a      1201     1    20     2     1
  2.6980885851968734E+00 a      1202     1    20     2     2
  5.7964018599488110E-01 a      1203     1    20     2     3
  3.3521703717765705E-01 a      1204     1    20     2     4
  5.2375947542861114E+00 a      1205     1    20     2     5
 -5.5122155204384793E-01 a      1206     1    20     2     6
  1.5307496078774601E+00 a      1207     1    20     2     7
  1.2652747071216577E+00 a      1208     1    20     2     8
 -2.0491471970816066E+00 a      1209     1    20     2     9
  2.8099679163309776E+00 a      1210     1    20     2    10
 -2.3515340290417486E+00 a      1211     1    20     2    11
 -2.6770986891038642E+00 a      1212     1    20     2    12
 -4.2530848499635638E+00 a      1213     1    20     2    13
  2.3613379459951283E+00 a      1214     1    20     2    14
 -1.9157856075180404E+00 a      1215     1    20     2    15
  5.5063650737823773E+00 a      1216     1    20     2    16
  4.4372095105216536E+00 a      1217     1    20     2    17
 -5.2634446153071437E+00 a      1218     1    20     2    18
 -3.8148183491738084E+00 a      1219     1    20     2    19
 -2.9430318332826771E-01 a      1220     1    20     2    20
 -2.6644349948213062E+01 b      1221     2     1
  4.9881388677551031E-01 b      1222     2     2
  6.1647155264049793E+00 b      1223     2     3
 -6.6228125832443343E+00 b      1224     2     4
 -1.1074458305290495E+01 b      1225     2     5
 -1.7432505358648271E+00 b      1226     2     6
 -7.1222853583323767E-02 b      1227     2     7
 -1.4171071076801105E+01 b      1228     2     8
 -6.0895507122043471E+00 b      1229     2     9
 -2.7925145523581842E+00 b      1230     2    10
 -1.8459066091409618E+01 b      1231     2    11
  1.7436292373086946E+01 b      1232     2    12
  3.4152764062856960E+01 b      1233     2    13
  3.7679477832357113E+00 b      1234     2    14
 -2.0238509338589669E+01 b      1235     2    15
  9.0580438700970660E+00 b      1236     2    16
  1.1725932591133184E+01 b      1237     2    17
 -2.8498448391156561E+00 b      1238     2    18
 -7.6452468211589233E+00 b      1239     2    19
  1.1582183115738760E+00 b      1240     2    20
  2.0187099243371368E-01 a      1241     2     1     3     1
  4.9958125686575244E-01 a      1242     2     2     3     1
 -3.3169550364650757E-01 a      1243     2     3     3     1
 -2.5675213069738201E-01 a      1244     2     4     3     1
  1.2049878502079106E-01 a      1245     2     5     3     1
 -3.9153603204236126E-01 a      1246     2     6     3     1
  1.6645864754367701E-01 a      1247     2     7     3     1
 -9.0300299836715434E-02 a      1248     2     8     3     1
 -4.8627290977555943E-01 a      1249     2     9     3     1
  2.2360415398340880E-01 a      1250     2    10     3     1
  9.3680259988155198E-02 a      1251     2    11     3     1
 -1.2648332643145924E-01 a      1252     2    12     3     1
 -3.0318970873827045E-01 a      1253     2    13     3     1
  1.7913076193305486E-01 a      1254     2    14     3     1
  3.6142115192148722E-01 a      1255     2    15     3     1
 -2.2982840035742896E-01 a      1256     2    16     3     1
  1.5710075253148453E-01 a      1257     2    17     3     1
 -2.2353037735784811E-01 a      1258     2    18     3     1
 -1.8279693804798888E-01 a      1259     2    19     3     1
 -3.7051304671365809E-01 a      1260     2    20     3     1
 -2.2113134054247818E-01 b      1261     3     1
