################################################################################
# Neural network connection values (weights and biases).
################################################################################
# Col  Name       Description
################################################################################
# 1    connection Neural network connection value.
# 2    t          Connection type (a = weight, b = bias).
# 3    index      Index enumerating weights.
# 4    l_s        Starting point layer (end point layer for biases).
# 5    n_s        Starting point neuron in starting layer (end point neuron for biases).
# 6    l_e        End point layer.
# 7    n_e        End point neuron in end layer.
################################################################################
#                      1 2         3     4     5     6     7
#             connection t     index   l_s   n_s   l_e   n_e
############################################################
 -3.1886194759750079E+00 a         1     0     1     1     1
 -1.2592637726194498E+01 a         2     0     1     1     2
  5.1745078633774080E+00 a         3     0     1     1     3
 -3.2852209373266406E+00 a         4     0     1     1     4
 -9.6504372701294461E+00 a         5     0     1     1     5
  3.6105851223061416E+00 a         6     0     1     1     6
  7.1866371263921724E+00 a         7     0     1     1     7
 -3.7256875851733016E+00 a         8     0     1     1     8
  2.0932747960156322E+00 a         9     0     1     1     9
 -3.7500695123361445E+00 a        10     0     1     1    10
  1.4150876813183663E+01 a        11     0     1     1    11
  6.1668621505309744E+00 a        12     0     1     1    12
 -1.8931115482427007E+01 a        13     0     1     1    13
 -1.4991351472020867E+01 a        14     0     1     1    14
  1.2708225834691692E+01 a        15     0     1     1    15
  1.5492289803773016E+01 a        16     0     1     1    16
  1.0363760440404429E+01 a        17     0     1     1    17
 -5.9931580677213547E-01 a        18     0     1     1    18
 -3.0730744932582993E-01 a        19     0     1     1    19
  1.2642768629388437E+01 a        20     0     1     1    20
 -1.3818486787135843E+01 a        21     0     2     1     1
  2.2046749540733308E+00 a        22     0     2     1     2
 -5.5164387191717603E+00 a        23     0     2     1     3
 -1.1731109693805871E+01 a        24     0     2     1     4
  8.2619680406479077E+00 a        25     0     2     1     5
 -6.0422551748701352E+00 a        26     0     2     1     6
  1.3698116024437834E+00 a        27     0     2     1     7
 -1.6920452421852827E+00 a        28     0     2     1     8
 -5.2636918985883376E+00 a        29     0     2     1     9
 -6.6692208583756916E+00 a        30     0     2     1    10
  1.7260926309100331E+01 a        31     0     2     1    11
 -7.0711669382943558E+00 a        32     0     2     1    12
 -4.4453951920876547E+00 a        33     0     2     1    13
  7.9507618730632563E+00 a        34     0     2     1    14
 -3.8061609260481215E+00 a        35     0     2     1    15
  4.6554748986102430E+00 a        36     0     2     1    16
 -1.6707369159247424E+01 a        37     0     2     1    17
 -8.7145076128239918E-01 a        38     0     2     1    18
 -1.1527167062209786E+01 a        39     0     2     1    19
  8.2550802410954951E+00 a        40     0     2     1    20
  1.2011817268147661E+01 a        41     0     3     1     1
 -1.4594201657666315E+00 a        42     0     3     1     2
 -1.6930689343248545E+01 a        43     0     3     1     3
  6.8468365381101490E+00 a        44     0     3     1     4
  8.6814112677776354E+00 a        45     0     3     1     5
 -1.7675091225587749E+01 a        46     0     3     1     6
  9.1952479558498013E+00 a        47     0     3     1     7
  4.0291624086697624E+00 a        48     0     3     1     8
  1.0712796507948415E+01 a        49     0     3     1     9
  2.5349899826467088E+00 a        50     0     3     1    10
 -1.2928648520683570E+01 a        51     0     3     1    11
  7.0612031663851571E+00 a        52     0     3     1    12
  1.4830099507749651E+01 a        53     0     3     1    13
  1.8245950516939761E+01 a        54     0     3     1    14
 -2.3492396880607799E+01 a        55     0     3     1    15
  8.4767530710915171E+00 a        56     0     3     1    16
 -6.0216998316308656E-01 a        57     0     3     1    17
  2.2505145865404343E+00 a        58     0     3     1    18
 -3.0141328671479258E+01 a        59     0     3     1    19
 -1.0171477527525106E+01 a        60     0     3     1    20
 -5.6341703020631693E+00 a        61     0     4     1     1
 -7.3874754220872629E-01 a        62     0     4     1     2
  9.0028782975820310E-01 a        63     0     4     1     3
  1.5540986455975265E+00 a        64     0     4     1     4
  1.0374873391981071E+01 a        65     0     4     1     5
 -1.4580228932301313E+01 a        66     0     4     1     6
  2.0239715565019263E+00 a        67     0     4     1     7
 -1.2643943661051024E+01 a        68     0     4     1     8
  2.8958476513303077E+00 a        69     0     4     1     9
  9.4043631606060689E+00 a        70     0     4     1    10
 -5.9397543917966500E+00 a        71     0     4     1    11
 -1.0707899097045406E+01 a        72     0     4     1    12
  1.8064157839015607E+01 a        73     0     4     1    13
 -2.4198202412834014E+01 a        74     0     4     1    14
  4.5210564105484714E+00 a        75     0     4     1    15
 -9.4258657868174200E+00 a        76     0     4     1    16
 -7.9548398287904725E+00 a        77     0     4     1    17
 -1.3632246398899964E+01 a        78     0     4     1    18
  9.8366423674198060E+00 a        79     0     4     1    19
 -1.1743662266417866E+01 a        80     0     4     1    20
 -2.0137733802172950E+00 a        81     0     5     1     1
  1.2451785116329546E+01 a        82     0     5     1     2
  3.7671612986661911E+00 a        83     0     5     1     3
  4.8669208621040116E+00 a        84     0     5     1     4
  1.6148882279496046E+01 a        85     0     5     1     5
 -1.1402376982562004E+00 a        86     0     5     1     6
  8.7889649028153514E+00 a        87     0     5     1     7
 -6.7237489958731986E+00 a        88     0     5     1     8
  2.6095411430392918E+01 a        89     0     5     1     9
 -4.2188067745986375E+00 a        90     0     5     1    10
  6.6519031551728363E+00 a        91     0     5     1    11
 -1.4585362376448224E+01 a        92     0     5     1    12
  8.8549463059898290E+00 a        93     0     5     1    13
  1.1986066189422358E+01 a        94     0     5     1    14
  1.8227726307237301E+01 a        95     0     5     1    15
 -8.0855475270345190E-01 a        96     0     5     1    16
 -1.1161920789567306E+01 a        97     0     5     1    17
  1.9605558588894993E+01 a        98     0     5     1    18
 -1.3436089408182415E+01 a        99     0     5     1    19
  1.4874873163864450E+01 a       100     0     5     1    20
  4.9163336216675360E+00 a       101     0     6     1     1
  5.7899117472292145E+00 a       102     0     6     1     2
  1.2166642744445397E+01 a       103     0     6     1     3
  1.9981674177792780E+01 a       104     0     6     1     4
 -1.6719495877829234E+00 a       105     0     6     1     5
 -2.6089268507865206E+00 a       106     0     6     1     6
  9.2531297701574056E-01 a       107     0     6     1     7
  1.0602014439156186E+01 a       108     0     6     1     8
  1.7591084074302650E+01 a       109     0     6     1     9
  6.0261136722883890E-01 a       110     0     6     1    10
  9.7435317520894849E+00 a       111     0     6     1    11
  2.6034155601407495E+01 a       112     0     6     1    12
  4.2108588419993529E+00 a       113     0     6     1    13
 -6.1603326843683943E+00 a       114     0     6     1    14
 -2.8764708740451447E+01 a       115     0     6     1    15
 -5.3203667861288926E+00 a       116     0     6     1    16
 -4.2678987043158285E+00 a       117     0     6     1    17
  1.2142430752692109E+01 a       118     0     6     1    18
 -1.5412349750003090E+01 a       119     0     6     1    19
 -4.9639576741808442E+00 a       120     0     6     1    20
  3.1796360219474731E+00 a       121     0     7     1     1
 -7.1062742262226966E+00 a       122     0     7     1     2
 -2.8319266416058722E+00 a       123     0     7     1     3
 -3.9061265594544023E+00 a       124     0     7     1     4
 -7.8974041211209505E+00 a       125     0     7     1     5
  1.5688719384159752E+01 a       126     0     7     1     6
 -3.7872776046441476E+00 a       127     0     7     1     7
  5.8432667239024294E+00 a       128     0     7     1     8
  8.3206107936569058E+00 a       129     0     7     1     9
  1.0167722896098526E+01 a       130     0     7     1    10
 -6.1696425053672375E+00 a       131     0     7     1    11
 -1.2431702039338827E+01 a       132     0     7     1    12
  1.3788561581042245E+01 a       133     0     7     1    13
  1.4627625123762115E+01 a       134     0     7     1    14
 -3.0052307068322150E+00 a       135     0     7     1    15
 -6.1022241553945999E+00 a       136     0     7     1    16
  6.1605975630800351E+00 a       137     0     7     1    17
  1.0626657308807491E+01 a       138     0     7     1    18
  1.1999876972186888E-01 a       139     0     7     1    19
 -1.0703178448469343E+01 a       140     0     7     1    20
 -2.5246726250124683E+00 a       141     0     8     1     1
  4.7661779778478834E+00 a       142     0     8     1     2
 -2.5663459907044150E-01 a       143     0     8     1     3
 -1.0360814533112841E+00 a       144     0     8     1     4
 -5.5837154349099807E+00 a       145     0     8     1     5
  5.9831137442029425E-01 a       146     0     8     1     6
  5.3730716772249174E+00 a       147     0     8     1     7
 -1.2635924156170097E+01 a       148     0     8     1     8
  1.9404543766582954E+01 a       149     0     8     1     9
 -1.0923643288185918E+01 a       150     0     8     1    10
 -1.8891172155026329E+01 a       151     0     8     1    11
 -1.4514498674144253E+01 a       152     0     8     1    12
  1.3611057373109839E+01 a       153     0     8     1    13
  1.0431319516140356E+01 a       154     0     8     1    14
  6.1355829359123870E+00 a       155     0     8     1    15
  1.3898051946264122E+01 a       156     0     8     1    16
  1.7160312551331920E+01 a       157     0     8     1    17
  2.2476476226264124E+00 a       158     0     8     1    18
 -9.5119702677249460E+00 a       159     0     8     1    19
  1.6784450368855113E+00 a       160     0     8     1    20
 -2.0468198258120358E+00 a       161     0     9     1     1
  7.5947333757974382E+00 a       162     0     9     1     2
  4.9605142068757289E+00 a       163     0     9     1     3
 -1.3892342094811354E+00 a       164     0     9     1     4
  3.3895371131847831E+00 a       165     0     9     1     5
  3.6834721890822335E+00 a       166     0     9     1     6
 -1.5768918024959291E+01 a       167     0     9     1     7
 -9.4184653148910891E-02 a       168     0     9     1     8
  1.9223456076821481E+01 a       169     0     9     1     9
 -1.1272897397630533E+01 a       170     0     9     1    10
 -3.7287560232096908E+00 a       171     0     9     1    11
 -1.4940689373232367E+01 a       172     0     9     1    12
 -1.1574031191266394E+01 a       173     0     9     1    13
  1.9965718140317943E+00 a       174     0     9     1    14
  5.1668549726910218E+00 a       175     0     9     1    15
 -3.0352612321036867E+00 a       176     0     9     1    16
 -1.0305771194634078E+01 a       177     0     9     1    17
  1.4754946595096790E+00 a       178     0     9     1    18
 -7.4198656962647611E+00 a       179     0     9     1    19
 -9.9435412732612072E+00 a       180     0     9     1    20
  1.6910424458524431E+00 a       181     0    10     1     1
 -1.0665353549246397E+00 a       182     0    10     1     2
  5.4325130916377793E+00 a       183     0    10     1     3
 -1.3017998278339360E-01 a       184     0    10     1     4
 -3.5053656112982798E+00 a       185     0    10     1     5
 -1.1876806423081003E+01 a       186     0    10     1     6
  3.6803468166685236E+00 a       187     0    10     1     7
  3.2411624508059016E+00 a       188     0    10     1     8
 -8.2650037089602826E+00 a       189     0    10     1     9
  3.5098206668026843E-01 a       190     0    10     1    10
 -4.6371690873235449E+00 a       191     0    10     1    11
  1.2169780934955687E+00 a       192     0    10     1    12
 -1.1808881891432980E+01 a       193     0    10     1    13
 -4.5996011992874326E+00 a       194     0    10     1    14
 -1.2323985493827369E+01 a       195     0    10     1    15
 -2.5329106537591412E-01 a       196     0    10     1    16
 -1.5631831361663858E+01 a       197     0    10     1    17
  3.6959956696819205E+00 a       198     0    10     1    18
  5.6080747422266439E+00 a       199     0    10     1    19
 -6.8129663635526434E+00 a       200     0    10     1    20
  6.5850456905535193E+00 a       201     0    11     1     1
  1.0261141296177725E+00 a       202     0    11     1     2
 -4.7910687549095092E+00 a       203     0    11     1     3
  7.7246312225287150E+00 a       204     0    11     1     4
  6.7553084178979006E+00 a       205     0    11     1     5
 -1.0239754836724699E+00 a       206     0    11     1     6
 -6.9340088444950370E+00 a       207     0    11     1     7
  3.4888572159212030E+00 a       208     0    11     1     8
  2.6788769572769429E+00 a       209     0    11     1     9
  7.4735033189658990E+00 a       210     0    11     1    10
 -4.9563642720468373E+00 a       211     0    11     1    11
 -1.9500729194640345E+00 a       212     0    11     1    12
  1.3180790665509374E+01 a       213     0    11     1    13
  2.9180506438063336E+00 a       214     0    11     1    14
 -1.8202572088000814E+01 a       215     0    11     1    15
 -2.5727414763731384E+00 a       216     0    11     1    16
  5.2752244005894626E+00 a       217     0    11     1    17
  5.0512843163882781E+00 a       218     0    11     1    18
  4.2539572411811823E+00 a       219     0    11     1    19
 -3.2756037402867166E-01 a       220     0    11     1    20
 -4.8546027420711200E+00 a       221     0    12     1     1
 -7.0744011837110330E+00 a       222     0    12     1     2
  9.3902628741766914E-01 a       223     0    12     1     3
 -1.1150906569347585E+01 a       224     0    12     1     4
  2.8752652836955535E+00 a       225     0    12     1     5
  2.8183545406955197E+00 a       226     0    12     1     6
 -9.8701560568320001E+00 a       227     0    12     1     7
 -1.8828307706611620E+00 a       228     0    12     1     8
 -5.2797514494240207E+00 a       229     0    12     1     9
 -6.4056329958279719E+00 a       230     0    12     1    10
 -9.3172138474365962E+00 a       231     0    12     1    11
  5.8901900805360965E+00 a       232     0    12     1    12
 -3.2011686254659537E+00 a       233     0    12     1    13
 -5.1719443511172969E+00 a       234     0    12     1    14
  3.4999888855849575E+00 a       235     0    12     1    15
  4.8946914521461711E+00 a       236     0    12     1    16
  8.3928656435751954E+00 a       237     0    12     1    17
 -1.6409492801714332E+00 a       238     0    12     1    18
 -3.9645824213190051E+00 a       239     0    12     1    19
 -5.0505219662625773E+00 a       240     0    12     1    20
 -3.4428163418186286E+00 a       241     0    13     1     1
 -5.3522118285074916E+00 a       242     0    13     1     2
  4.1209448833464810E+00 a       243     0    13     1     3
  1.1398141906214121E+01 a       244     0    13     1     4
 -4.5854013146461142E+01 a       245     0    13     1     5
 -1.7801603434469475E+00 a       246     0    13     1     6
  2.3935811402735377E-01 a       247     0    13     1     7
 -1.3510096664810984E+01 a       248     0    13     1     8
 -1.2004189504000369E+01 a       249     0    13     1     9
 -2.8311247539187981E+01 a       250     0    13     1    10
  9.9713707581939399E+00 a       251     0    13     1    11
  1.2143551361039332E+01 a       252     0    13     1    12
 -3.9912491399988156E+01 a       253     0    13     1    13
  6.8255901463365163E+00 a       254     0    13     1    14
  1.9015431710939016E+01 a       255     0    13     1    15
 -8.7425370937143843E+00 a       256     0    13     1    16
 -8.6460766022411271E+00 a       257     0    13     1    17
 -1.7997810574701528E+01 a       258     0    13     1    18
  1.2783972629435143E+01 a       259     0    13     1    19
  1.8705377451951126E+01 a       260     0    13     1    20
  1.3017462562245832E+01 a       261     0    14     1     1
  3.4744932745783125E-01 a       262     0    14     1     2
  2.2517964051101207E+00 a       263     0    14     1     3
  1.0661961711424761E+01 a       264     0    14     1     4
  1.1593546274813349E+00 a       265     0    14     1     5
  4.9664778282780571E+00 a       266     0    14     1     6
 -8.1246242355718454E+00 a       267     0    14     1     7
  8.5517996664229567E-01 a       268     0    14     1     8
 -1.9443862493068952E+01 a       269     0    14     1     9
 -5.1454443267877326E-01 a       270     0    14     1    10
 -9.7938629641679675E+00 a       271     0    14     1    11
  1.0679192087968886E+01 a       272     0    14     1    12
  6.3999882761447262E+00 a       273     0    14     1    13
 -6.8719941562778519E+00 a       274     0    14     1    14
  4.0489326892196165E-01 a       275     0    14     1    15
  1.0203100479670043E+01 a       276     0    14     1    16
 -1.5388671515343091E-01 a       277     0    14     1    17
 -1.1981627294911214E-01 a       278     0    14     1    18
 -1.0784159104229046E+01 a       279     0    14     1    19
 -5.2588198342071601E-01 a       280     0    14     1    20
  1.2504114040333398E+01 a       281     0    15     1     1
  2.2493626236817484E+01 a       282     0    15     1     2
  6.2986305722537193E+00 a       283     0    15     1     3
 -2.9716708269215992E+00 a       284     0    15     1     4
 -1.4422207777698700E+01 a       285     0    15     1     5
  2.2884722968411735E+00 a       286     0    15     1     6
  2.2826522046257642E-02 a       287     0    15     1     7
  2.5227707792987655E+01 a       288     0    15     1     8
  2.0047126649304622E-01 a       289     0    15     1     9
  4.4375314414213562E+01 a       290     0    15     1    10
 -1.4113977518612032E+01 a       291     0    15     1    11
 -9.5407239942678839E+00 a       292     0    15     1    12
  2.3325938690438619E+00 a       293     0    15     1    13
  4.9995422456870342E+00 a       294     0    15     1    14
 -2.6377731251387385E+01 a       295     0    15     1    15
  2.3957321833207848E-01 a       296     0    15     1    16
  2.4037248352805875E+01 a       297     0    15     1    17
  1.2446628214041466E+01 a       298     0    15     1    18
 -1.1942451765130038E+01 a       299     0    15     1    19
  2.6444322381394678E+00 a       300     0    15     1    20
  1.3925644092862346E+01 a       301     0    16     1     1
  1.9618984980211465E+00 a       302     0    16     1     2
  4.1056285160732298E-01 a       303     0    16     1     3
  4.8368995124791239E+00 a       304     0    16     1     4
 -1.7516640056648094E+00 a       305     0    16     1     5
  5.9065990131759456E+00 a       306     0    16     1     6
  1.2218854452311030E+00 a       307     0    16     1     7
 -8.2248023453839492E-01 a       308     0    16     1     8
  2.2171706289234201E+01 a       309     0    16     1     9
 -3.9015642158939856E-01 a       310     0    16     1    10
 -2.0206699543968949E+01 a       311     0    16     1    11
  7.6919922910896943E-01 a       312     0    16     1    12
  3.3978394213463332E+00 a       313     0    16     1    13
 -2.2055160825724625E+00 a       314     0    16     1    14
  1.6248330566802898E+00 a       315     0    16     1    15
  1.0723110282523237E+01 a       316     0    16     1    16
 -4.4382135250349322E+00 a       317     0    16     1    17
 -1.7213739567858657E+00 a       318     0    16     1    18
 -1.1018423926793306E+01 a       319     0    16     1    19
  1.4343575311182826E+00 a       320     0    16     1    20
  1.6396195229043384E+00 a       321     0    17     1     1
  1.9620653035046164E+01 a       322     0    17     1     2
  2.0305411418759824E+00 a       323     0    17     1     3
 -1.7090311871434068E+01 a       324     0    17     1     4
 -4.2312096412077786E+01 a       325     0    17     1     5
  9.5719855538607113E-01 a       326     0    17     1     6
 -4.4195220457130668E+00 a       327     0    17     1     7
  1.3065038808803189E+00 a       328     0    17     1     8
 -1.1646037737339151E+01 a       329     0    17     1     9
  2.2519397604233227E+01 a       330     0    17     1    10
 -2.6407335743554485E+00 a       331     0    17     1    11
 -1.6475330852381521E+01 a       332     0    17     1    12
  4.4619372269892066E-01 a       333     0    17     1    13
 -2.2697696376449553E+01 a       334     0    17     1    14
 -4.8082049792300294E+00 a       335     0    17     1    15
  3.4363912093318220E+01 a       336     0    17     1    16
 -1.4106226795077055E+00 a       337     0    17     1    17
 -8.9264699643910923E+00 a       338     0    17     1    18
  3.0013704755593398E+01 a       339     0    17     1    19
 -7.5071154441400434E-01 a       340     0    17     1    20
  9.6223149073391223E-01 a       341     0    18     1     1
 -1.4178209958993737E+01 a       342     0    18     1     2
  1.1092628845496627E+01 a       343     0    18     1     3
  2.8468423613047911E+01 a       344     0    18     1     4
  1.6347617328312229E+01 a       345     0    18     1     5
  4.2423771840838871E+00 a       346     0    18     1     6
 -4.2158489041751865E+00 a       347     0    18     1     7
  1.6995127036090718E+01 a       348     0    18     1     8
 -2.3526130057048489E+00 a       349     0    18     1     9
  2.8600264300708602E+00 a       350     0    18     1    10
 -1.1420486727987184E+01 a       351     0    18     1    11
 -1.7538327652495113E+01 a       352     0    18     1    12
  2.1989612232085911E+01 a       353     0    18     1    13
 -3.7004184799177821E+01 a       354     0    18     1    14
  8.6939824301166446E+00 a       355     0    18     1    15
  1.1818444406829558E+01 a       356     0    18     1    16
  1.5644514069347760E+01 a       357     0    18     1    17
 -2.8517887641780479E+00 a       358     0    18     1    18
  1.4745122188389033E+01 a       359     0    18     1    19
 -2.7313575697017981E+01 a       360     0    18     1    20
  1.4176189449325868E+01 a       361     0    19     1     1
  1.6720150606305221E+01 a       362     0    19     1     2
  1.9431779899672417E+01 a       363     0    19     1     3
  1.6449234060274716E+01 a       364     0    19     1     4
 -1.9191347818610698E+01 a       365     0    19     1     5
  1.8386157966755245E+00 a       366     0    19     1     6
 -5.5722985553268973E+00 a       367     0    19     1     7
  1.2032715361083984E+01 a       368     0    19     1     8
 -2.3414553610118428E+01 a       369     0    19     1     9
  1.9276400679827059E+01 a       370     0    19     1    10
  1.4319450827480077E+01 a       371     0    19     1    11
 -4.3026171307033412E+00 a       372     0    19     1    12
 -8.6066464703939332E+00 a       373     0    19     1    13
  1.0014010729563195E+01 a       374     0    19     1    14
  1.0422630311423664E+00 a       375     0    19     1    15
  2.0314560611672640E+01 a       376     0    19     1    16
 -5.2897151960290245E-01 a       377     0    19     1    17
  3.7152993766243050E+01 a       378     0    19     1    18
  1.6314622695469783E+01 a       379     0    19     1    19
 -8.2280124528898657E+00 a       380     0    19     1    20
  1.4450143632914244E+01 a       381     0    20     1     1
  5.5256375373186124E+00 a       382     0    20     1     2
  2.8368583957403021E-01 a       383     0    20     1     3
  1.1174440139148814E+01 a       384     0    20     1     4
  3.9420618867170823E+01 a       385     0    20     1     5
  2.2592892178480319E+01 a       386     0    20     1     6
  3.1264740893655156E-02 a       387     0    20     1     7
 -1.4309251183272023E+01 a       388     0    20     1     8
 -7.7162053422242911E+00 a       389     0    20     1     9
 -4.4018213933901208E+01 a       390     0    20     1    10
 -9.5814616987014443E+00 a       391     0    20     1    11
  9.7805405366754279E+00 a       392     0    20     1    12
 -9.0094758518440816E+00 a       393     0    20     1    13
  1.3036687850871518E+01 a       394     0    20     1    14
  4.1476111164197427E+01 a       395     0    20     1    15
 -1.0002643729321772E+01 a       396     0    20     1    16
 -8.7092468884769794E+00 a       397     0    20     1    17
 -1.3712535457688196E+01 a       398     0    20     1    18
  1.7035397072116819E+01 a       399     0    20     1    19
  8.6646338003806491E+00 a       400     0    20     1    20
  3.0204725867081692E+01 a       401     0    21     1     1
 -7.8580483218083383E+00 a       402     0    21     1     2
 -1.0684763393627975E+01 a       403     0    21     1     3
  2.7110382793790380E+00 a       404     0    21     1     4
  8.5732414345002947E+00 a       405     0    21     1     5
  7.2007224629062430E+00 a       406     0    21     1     6
 -9.9983052385161342E-01 a       407     0    21     1     7
 -2.3316436826934662E+01 a       408     0    21     1     8
 -1.3575370050603052E+01 a       409     0    21     1     9
  1.4626864594789373E+01 a       410     0    21     1    10
  2.9405607145148437E+01 a       411     0    21     1    11
 -7.4899837964817388E+00 a       412     0    21     1    12
 -2.7446996940185290E+01 a       413     0    21     1    13
  1.9864419201713229E+01 a       414     0    21     1    14
  1.1431535823353224E+01 a       415     0    21     1    15
  6.8222362570662423E+00 a       416     0    21     1    16
 -7.2664350461939726E+00 a       417     0    21     1    17
  8.7034364895880998E+00 a       418     0    21     1    18
  1.4798032461013602E+00 a       419     0    21     1    19
  5.3877050779081159E-01 a       420     0    21     1    20
 -4.5167364929506277E+00 a       421     0    22     1     1
  8.7629884058953920E+00 a       422     0    22     1     2
 -1.4005441762020723E+01 a       423     0    22     1     3
  4.6694032837130353E+00 a       424     0    22     1     4
 -1.5156580314124835E+01 a       425     0    22     1     5
 -1.0811963495926165E+01 a       426     0    22     1     6
 -2.5315607111976965E+00 a       427     0    22     1     7
 -7.1847641343067723E+00 a       428     0    22     1     8
 -6.9531022320560183E+00 a       429     0    22     1     9
 -5.7349531262605346E+01 a       430     0    22     1    10
 -7.7694135763193977E+00 a       431     0    22     1    11
  2.0521280465583779E+01 a       432     0    22     1    12
  1.4001467685498826E+01 a       433     0    22     1    13
  1.7814926388885297E+01 a       434     0    22     1    14
  1.8107273109104462E+01 a       435     0    22     1    15
 -2.3718192289903069E+01 a       436     0    22     1    16
  1.7907667361204487E+00 a       437     0    22     1    17
  1.9421807302982237E+00 a       438     0    22     1    18
 -4.8771118636675768E+00 a       439     0    22     1    19
  2.0391575414537648E+01 a       440     0    22     1    20
 -1.8143869012644753E+01 a       441     0    23     1     1
  3.2754212469109625E+00 a       442     0    23     1     2
 -2.4358657778120389E+00 a       443     0    23     1     3
 -1.6148192283877847E+01 a       444     0    23     1     4
 -1.6015178518247101E+01 a       445     0    23     1     5
 -2.5832253236744176E+01 a       446     0    23     1     6
  3.3187731708352395E+00 a       447     0    23     1     7
  1.9779371343519481E+00 a       448     0    23     1     8
 -4.6308426849455380E+00 a       449     0    23     1     9
 -7.4169714143370920E+00 a       450     0    23     1    10
 -1.9084341121105282E+01 a       451     0    23     1    11
  2.5066636603377788E+01 a       452     0    23     1    12
 -4.3248860435573038E+00 a       453     0    23     1    13
 -2.6902246723260234E+01 a       454     0    23     1    14
 -1.9354729163674509E+01 a       455     0    23     1    15
 -5.7288453022243635E+00 a       456     0    23     1    16
 -1.4393012693265865E+00 a       457     0    23     1    17
 -1.0421348382340193E+01 a       458     0    23     1    18
  1.1835194236273738E+00 a       459     0    23     1    19
 -6.2124087729808091E+00 a       460     0    23     1    20
  1.7181782904366862E+01 a       461     0    24     1     1
  2.5876348829501850E+00 a       462     0    24     1     2
 -2.0834667693902631E+01 a       463     0    24     1     3
 -3.1320595296912842E+01 a       464     0    24     1     4
 -5.3073697922612455E+00 a       465     0    24     1     5
  4.7696882905457398E+00 a       466     0    24     1     6
  3.1844166832438052E+00 a       467     0    24     1     7
  3.2398288870758458E+00 a       468     0    24     1     8
  3.7710925642317972E+00 a       469     0    24     1     9
  1.8829339524174024E+01 a       470     0    24     1    10
 -5.3086981936748545E+00 a       471     0    24     1    11
 -2.3123250615906127E+01 a       472     0    24     1    12
 -1.6634620739923726E+01 a       473     0    24     1    13
 -4.9023730750839629E+00 a       474     0    24     1    14
  1.7197483335661403E+01 a       475     0    24     1    15
 -1.6249977541849841E+01 a       476     0    24     1    16
 -2.9504921314171749E+01 a       477     0    24     1    17
 -9.2486063660565332E+00 a       478     0    24     1    18
  1.3579131057352145E+01 a       479     0    24     1    19
 -1.0102735457643519E+01 a       480     0    24     1    20
 -1.6040325491390636E+01 a       481     0    25     1     1
  4.2533597075906231E+00 a       482     0    25     1     2
  2.1310729180049659E+00 a       483     0    25     1     3
  8.8560386534535382E+00 a       484     0    25     1     4
  3.4121776757055450E+01 a       485     0    25     1     5
  3.5898415781518857E+01 a       486     0    25     1     6
  1.8153909315015295E+00 a       487     0    25     1     7
 -4.9039823805099321E+00 a       488     0    25     1     8
  2.1428474683263669E+01 a       489     0    25     1     9
 -1.7831262601683527E+01 a       490     0    25     1    10
 -2.0420646597203113E+01 a       491     0    25     1    11
  9.3177156446266203E+00 a       492     0    25     1    12
 -3.5289137441374528E+01 a       493     0    25     1    13
 -3.1930884108779640E+00 a       494     0    25     1    14
 -1.4535144241719683E+01 a       495     0    25     1    15
  5.5046255467496001E+00 a       496     0    25     1    16
  6.0425363400365484E+00 a       497     0    25     1    17
  1.2162789628185836E+01 a       498     0    25     1    18
 -8.4551347726044650E+00 a       499     0    25     1    19
  1.3873568564135544E+01 a       500     0    25     1    20
 -2.4736917466542202E+01 a       501     0    26     1     1
  2.5061991122768328E+00 a       502     0    26     1     2
  1.3012989989980337E+00 a       503     0    26     1     3
 -2.6247152124539723E+00 a       504     0    26     1     4
 -3.4515818804402345E+00 a       505     0    26     1     5
 -4.1701520027295631E+00 a       506     0    26     1     6
  5.0842833935207672E+00 a       507     0    26     1     7
  2.2788561668794621E+01 a       508     0    26     1     8
  9.6112233973904111E+00 a       509     0    26     1     9
  2.0063598759985812E+01 a       510     0    26     1    10
  8.0206495625099876E+00 a       511     0    26     1    11
  3.2470358576203893E+01 a       512     0    26     1    12
  2.0270183254063824E+01 a       513     0    26     1    13
  7.8491200347747956E+00 a       514     0    26     1    14
 -6.8719893982902205E+00 a       515     0    26     1    15
 -5.4552139089792480E+00 a       516     0    26     1    16
 -1.0905223355990306E+00 a       517     0    26     1    17
  5.9751391213674845E+00 a       518     0    26     1    18
 -3.1357720150893504E+00 a       519     0    26     1    19
  1.5514549272483200E+00 a       520     0    26     1    20
 -3.4246236761504458E+00 a       521     0    27     1     1
  3.1311601346705381E-02 a       522     0    27     1     2
  1.3747053728190890E+01 a       523     0    27     1     3
  1.1416540591955282E+01 a       524     0    27     1     4
  4.0463658089036754E+00 a       525     0    27     1     5
 -5.1454148449430837E-01 a       526     0    27     1     6
  4.8064553038473798E+00 a       527     0    27     1     7
  6.7547771713549682E+00 a       528     0    27     1     8
  1.5705292107632399E+01 a       529     0    27     1     9
 -1.4426518223100009E+01 a       530     0    27     1    10
 -1.2804116362062070E+01 a       531     0    27     1    11
  2.9542600582248837E+00 a       532     0    27     1    12
  2.5255365744441697E+01 a       533     0    27     1    13
 -1.1868893364858797E+01 a       534     0    27     1    14
 -2.3044279895527424E+01 a       535     0    27     1    15
 -2.7177067753974711E+01 a       536     0    27     1    16
  9.6925487121044753E+00 a       537     0    27     1    17
  1.0172854536057757E+01 a       538     0    27     1    18
  1.2194384101460875E+01 a       539     0    27     1    19
 -2.5671075653843882E+01 a       540     0    27     1    20
  2.4812474019668770E+01 a       541     0    28     1     1
  4.5488542248858821E-01 a       542     0    28     1     2
 -8.4311688416681341E-01 a       543     0    28     1     3
 -3.7582305903161068E+00 a       544     0    28     1     4
 -1.4858586219230380E+01 a       545     0    28     1     5
 -1.9565738227900944E+01 a       546     0    28     1     6
 -2.0021138099576179E+00 a       547     0    28     1     7
  4.5387676357535245E+00 a       548     0    28     1     8
  2.9030659603808879E+00 a       549     0    28     1     9
  2.5747389875435854E+01 a       550     0    28     1    10
 -1.2468643283706493E+01 a       551     0    28     1    11
  2.8036584486484206E+00 a       552     0    28     1    12
 -1.4078900523584215E+01 a       553     0    28     1    13
 -4.2147323342155634E+00 a       554     0    28     1    14
  8.5238864057771924E+00 a       555     0    28     1    15
  8.0291092775843609E+00 a       556     0    28     1    16
  1.2005731196829169E+01 a       557     0    28     1    17
 -2.8104935411564746E+01 a       558     0    28     1    18
 -1.2692386846879788E+01 a       559     0    28     1    19
  5.2209335998938906E+00 a       560     0    28     1    20
 -1.0409166636743279E+01 a       561     0    29     1     1
 -2.8678775685852127E+01 a       562     0    29     1     2
 -1.1666537437160324E+01 a       563     0    29     1     3
 -6.9120882784599482E+00 a       564     0    29     1     4
  1.4287942928295230E+01 a       565     0    29     1     5
  4.9171027544095232E+00 a       566     0    29     1     6
 -2.0529882477770336E-01 a       567     0    29     1     7
 -2.3752810182575006E+00 a       568     0    29     1     8
  2.9766216787634652E+00 a       569     0    29     1     9
 -7.7906788151341591E+00 a       570     0    29     1    10
  5.5743199491936011E+00 a       571     0    29     1    11
  2.0164385668045291E+01 a       572     0    29     1    12
 -3.9496936140495748E+01 a       573     0    29     1    13
 -3.0340556734861202E+01 a       574     0    29     1    14
 -2.6141470276112422E+00 a       575     0    29     1    15
  1.1461663705079959E+00 a       576     0    29     1    16
  1.0785776312910720E+01 a       577     0    29     1    17
 -1.6187845532413071E+01 a       578     0    29     1    18
 -1.4026585962251525E+01 a       579     0    29     1    19
  6.0936774133927765E+00 a       580     0    29     1    20
  1.1620028946260460E+01 a       581     0    30     1     1
 -9.7305452125261542E+00 a       582     0    30     1     2
 -1.8634475244608740E+01 a       583     0    30     1     3
 -7.8003392916475329E+00 a       584     0    30     1     4
  2.7856970986904589E+01 a       585     0    30     1     5
  5.0504492930425504E-01 a       586     0    30     1     6
 -6.8903922581779220E+00 a       587     0    30     1     7
  1.8769302393044850E+01 a       588     0    30     1     8
  1.0683012639610087E+01 a       589     0    30     1     9
 -6.1310795210736169E+00 a       590     0    30     1    10
 -9.8872941859092145E-01 a       591     0    30     1    11
  1.7153737698009571E+01 a       592     0    30     1    12
 -4.4066900683320348E+01 a       593     0    30     1    13
  2.0306804683825256E+01 a       594     0    30     1    14
 -1.0883216111593727E+01 a       595     0    30     1    15
 -8.0880463187006448E+00 a       596     0    30     1    16
  2.3109392545627241E+00 a       597     0    30     1    17
  2.0842210164183497E+00 a       598     0    30     1    18
 -9.8985673235870095E+00 a       599     0    30     1    19
  6.6004813732706502E+00 a       600     0    30     1    20
  4.4290655880750346E-01 a       601     0    31     1     1
  6.4291311744580222E+00 a       602     0    31     1     2
 -3.0056765569592223E+01 a       603     0    31     1     3
  8.5064928203137227E-02 a       604     0    31     1     4
  1.8129059022942833E+01 a       605     0    31     1     5
 -1.6615474397141291E+01 a       606     0    31     1     6
 -5.9417786498797724E+00 a       607     0    31     1     7
 -1.0624908058034700E+01 a       608     0    31     1     8
  5.6249508724142832E+00 a       609     0    31     1     9
  6.4471542829950934E+00 a       610     0    31     1    10
  7.7171490767334321E+00 a       611     0    31     1    11
 -2.0850063674747963E+00 a       612     0    31     1    12
  1.1838807918571375E+01 a       613     0    31     1    13
 -1.7787198126799652E+01 a       614     0    31     1    14
  1.8474505376248150E+01 a       615     0    31     1    15
  1.0837395766013225E+01 a       616     0    31     1    16
 -2.5123976858199581E+00 a       617     0    31     1    17
 -1.6762554304874957E+01 a       618     0    31     1    18
 -8.0480078604728682E+00 a       619     0    31     1    19
  1.2326957496046125E+01 a       620     0    31     1    20
  6.4741999593736956E+00 a       621     0    32     1     1
 -6.7069722812076096E+00 a       622     0    32     1     2
  1.7847718707597309E+01 a       623     0    32     1     3
  1.7122139114036433E+01 a       624     0    32     1     4
 -3.6595698379754580E+01 a       625     0    32     1     5
 -1.1076784420854484E+01 a       626     0    32     1     6
  1.8113348916523726E+00 a       627     0    32     1     7
  8.0064178404119934E-01 a       628     0    32     1     8
  2.3971103917972187E+01 a       629     0    32     1     9
  7.6531818087669379E+00 a       630     0    32     1    10
  1.5701538483315863E+01 a       631     0    32     1    11
 -1.8134322222557962E+01 a       632     0    32     1    12
  2.6803059657709774E+01 a       633     0    32     1    13
  5.8507652018275236E+00 a       634     0    32     1    14
 -1.4975301474308608E+01 a       635     0    32     1    15
  5.8756937838248779E-01 a       636     0    32     1    16
 -3.6109775796194370E+00 a       637     0    32     1    17
  3.6990953988358934E+00 a       638     0    32     1    18
 -2.9000518606920438E+00 a       639     0    32     1    19
  3.1721272673379421E+00 a       640     0    32     1    20
  2.2785529101747897E+00 a       641     0    33     1     1
 -5.8564641727174900E+00 a       642     0    33     1     2
  1.3801206101687269E+01 a       643     0    33     1     3
  4.1987949493243543E-01 a       644     0    33     1     4
  2.6368431616439962E+00 a       645     0    33     1     5
 -2.9088276110073700E+01 a       646     0    33     1     6
 -2.8539048607123703E+00 a       647     0    33     1     7
  3.1143993596726256E+00 a       648     0    33     1     8
  7.0843284013182783E+00 a       649     0    33     1     9
 -1.4575904865797007E+01 a       650     0    33     1    10
  1.0646496402637979E+01 a       651     0    33     1    11
  6.6759180105065683E+00 a       652     0    33     1    12
 -6.8954159498451117E+00 a       653     0    33     1    13
  4.2063221926481473E+00 a       654     0    33     1    14
  4.7220086197282516E+00 a       655     0    33     1    15
 -1.3262198812656756E+01 a       656     0    33     1    16
 -8.0051380824391261E-01 a       657     0    33     1    17
 -1.4427254869618217E+01 a       658     0    33     1    18
  1.1034692463493258E+01 a       659     0    33     1    19
 -9.1849114430800221E+00 a       660     0    33     1    20
 -1.1624718345618545E+01 a       661     0    34     1     1
 -2.1387888812255449E+00 a       662     0    34     1     2
  1.9223369081220277E+01 a       663     0    34     1     3
  6.7953262295755028E+00 a       664     0    34     1     4
 -1.5225010844298493E+01 a       665     0    34     1     5
  1.0716214414825091E+01 a       666     0    34     1     6
 -2.7841631348944542E+00 a       667     0    34     1     7
 -5.8084864145643067E+00 a       668     0    34     1     8
 -5.2302687597870644E+01 a       669     0    34     1     9
  2.7450663584150359E+01 a       670     0    34     1    10
 -1.2802284155104976E+01 a       671     0    34     1    11
 -2.9948885890802694E+00 a       672     0    34     1    12
 -1.3111149629740664E+01 a       673     0    34     1    13
  2.1773791134693667E+01 a       674     0    34     1    14
 -2.1221844395554903E+01 a       675     0    34     1    15
 -1.5214085707118739E+01 a       676     0    34     1    16
 -1.7321165639872667E+01 a       677     0    34     1    17
 -4.6771969281509076E+00 a       678     0    34     1    18
  1.7550536891821960E+01 a       679     0    34     1    19
 -5.3269091687493351E+00 a       680     0    34     1    20
  7.6283895552501901E+00 a       681     0    35     1     1
  1.0684795915015695E+01 a       682     0    35     1     2
  3.8447687588980246E+00 a       683     0    35     1     3
  5.2222422160329316E+00 a       684     0    35     1     4
  2.2787189727349205E+01 a       685     0    35     1     5
 -8.7997247635397713E+00 a       686     0    35     1     6
  6.3401494272113581E+00 a       687     0    35     1     7
 -1.7914379994337828E+01 a       688     0    35     1     8
  1.9105681008391791E+01 a       689     0    35     1     9
  8.9166727950763693E+00 a       690     0    35     1    10
  2.5275191688170235E+01 a       691     0    35     1    11
 -1.3115953547368951E+01 a       692     0    35     1    12
  1.6724396788181807E+01 a       693     0    35     1    13
  9.3046906658185495E+00 a       694     0    35     1    14
  1.5533918493391775E+01 a       695     0    35     1    15
  1.2808785627315745E+01 a       696     0    35     1    16
 -1.0396642026183223E+00 a       697     0    35     1    17
  7.9642759476339497E+00 a       698     0    35     1    18
  1.0143537192681442E+00 a       699     0    35     1    19
  1.7732290861767549E+01 a       700     0    35     1    20
 -1.5571804750535692E+01 a       701     0    36     1     1
 -7.3957115959119948E+00 a       702     0    36     1     2
  1.5112406472998762E+01 a       703     0    36     1     3
  1.1158585243152480E+01 a       704     0    36     1     4
  5.4978381696044272E+00 a       705     0    36     1     5
  2.0460786033727107E+01 a       706     0    36     1     6
 -7.4630348194794638E-01 a       707     0    36     1     7
  4.3233649950383801E-01 a       708     0    36     1     8
 -1.4517723857830100E+01 a       709     0    36     1     9
 -1.0109924302114481E+00 a       710     0    36     1    10
 -1.8939220876901690E+00 a       711     0    36     1    11
  3.9154708310046802E+00 a       712     0    36     1    12
 -2.3117700378833650E+00 a       713     0    36     1    13
  5.6733509664948900E-01 a       714     0    36     1    14
 -6.3351790813539983E+00 a       715     0    36     1    15
 -5.6893539541555516E+00 a       716     0    36     1    16
  2.3111224688394142E+01 a       717     0    36     1    17
  1.0244340914184336E-01 a       718     0    36     1    18
  8.2974374633544574E+00 a       719     0    36     1    19
  1.3726569364172656E+01 a       720     0    36     1    20
  1.2656107149382507E+01 a       721     0    37     1     1
 -1.4095086362755447E+00 a       722     0    37     1     2
 -5.8595408270914726E+00 a       723     0    37     1     3
  2.3735676557783605E+00 a       724     0    37     1     4
 -9.1566314097302488E+00 a       725     0    37     1     5
 -8.3924276891690912E+00 a       726     0    37     1     6
  1.0987711858322504E+00 a       727     0    37     1     7
  8.0384476602936275E+00 a       728     0    37     1     8
 -2.6869356859042480E+01 a       729     0    37     1     9
  4.4827679392754849E+00 a       730     0    37     1    10
  1.5127681497312558E+01 a       731     0    37     1    11
  1.1543213413833563E+01 a       732     0    37     1    12
  4.7219675766077529E+01 a       733     0    37     1    13
  1.0935006863386235E+01 a       734     0    37     1    14
  1.8618028401120092E+01 a       735     0    37     1    15
 -1.1329418804463550E+01 a       736     0    37     1    16
 -3.3772170240062804E+00 a       737     0    37     1    17
 -1.1022763363692382E+01 a       738     0    37     1    18
  1.4294349188564514E+01 a       739     0    37     1    19
 -1.5894633707451140E+01 a       740     0    37     1    20
 -5.1754682891243178E+00 a       741     0    38     1     1
  9.5310570035480549E+00 a       742     0    38     1     2
 -9.4424468297887874E+00 a       743     0    38     1     3
 -2.1725627273303200E+01 a       744     0    38     1     4
 -3.2375639317313092E+00 a       745     0    38     1     5
 -2.0949590964794789E+00 a       746     0    38     1     6
  4.2956292237802129E+00 a       747     0    38     1     7
 -1.4858713315687908E+01 a       748     0    38     1     8
 -4.7071643355103223E+00 a       749     0    38     1     9
  4.4446715211985079E+00 a       750     0    38     1    10
 -1.2419127339711103E+01 a       751     0    38     1    11
 -4.5494475923757074E+00 a       752     0    38     1    12
 -5.8700194171225961E+00 a       753     0    38     1    13
 -3.7391428618695222E+00 a       754     0    38     1    14
 -1.3773981225715131E+01 a       755     0    38     1    15
 -4.4537967476342999E+00 a       756     0    38     1    16
  1.1465385196488610E+01 a       757     0    38     1    17
  9.9362199254376921E-02 a       758     0    38     1    18
 -5.6360629124303996E+00 a       759     0    38     1    19
  5.5725666595627903E+00 a       760     0    38     1    20
 -1.1565840429167329E+01 a       761     0    39     1     1
 -7.5488119707906067E+00 a       762     0    39     1     2
 -1.1691291387571390E+00 a       763     0    39     1     3
 -1.6547316854095161E+01 a       764     0    39     1     4
 -2.0257540948022253E+01 a       765     0    39     1     5
 -5.7980902153875369E-01 a       766     0    39     1     6
  5.5801127102878709E+00 a       767     0    39     1     7
 -3.6025630327376756E+00 a       768     0    39     1     8
 -8.9440196057869894E+00 a       769     0    39     1     9
  8.9686781836164453E-01 a       770     0    39     1    10
  8.8952260786274220E+00 a       771     0    39     1    11
 -3.9730953036923183E-01 a       772     0    39     1    12
 -1.2499386677416974E+01 a       773     0    39     1    13
 -4.9130440718162705E+00 a       774     0    39     1    14
  1.4604603851641702E+00 a       775     0    39     1    15
 -8.5265409026373149E+00 a       776     0    39     1    16
 -9.9867353213490428E+00 a       777     0    39     1    17
  8.5933189953939018E-02 a       778     0    39     1    18
  1.3664970942557746E+00 a       779     0    39     1    19
 -2.2398261246525939E+00 a       780     0    39     1    20
 -1.0051574723735863E+01 a       781     0    40     1     1
 -6.9988804370574522E+00 a       782     0    40     1     2
 -6.1180256828196748E+00 a       783     0    40     1     3
 -3.2828842546772528E+01 a       784     0    40     1     4
  1.3141160195325901E+01 a       785     0    40     1     5
  2.1168493126720065E+01 a       786     0    40     1     6
  7.5641602132449426E-01 a       787     0    40     1     7
  6.4660572489141321E+00 a       788     0    40     1     8
  7.7692176888193076E+00 a       789     0    40     1     9
 -3.6492428302929159E-01 a       790     0    40     1    10
  9.6672534915291986E-01 a       791     0    40     1    11
 -3.3790063300796923E+01 a       792     0    40     1    12
  6.7358668708489144E-01 a       793     0    40     1    13
 -1.0320155368267745E+01 a       794     0    40     1    14
 -5.9822276409306525E+00 a       795     0    40     1    15
  1.8262096338232453E+01 a       796     0    40     1    16
  2.2351326546111103E+01 a       797     0    40     1    17
  1.2376382476584576E+01 a       798     0    40     1    18
 -9.4284324447392951E+00 a       799     0    40     1    19
  1.4747986582668233E+01 a       800     0    40     1    20
 -2.2294040515942429E-01 b       801     1     1
 -5.8391128966790595E-01 b       802     1     2
 -7.3827023953532023E-02 b       803     1     3
  7.1811540960327824E-01 b       804     1     4
  3.4071449128685289E+00 b       805     1     5
 -3.6338963180208306E+00 b       806     1     6
 -1.6607698872780944E+01 b       807     1     7
  1.7244353996996126E-01 b       808     1     8
 -8.5908523790566811E+00 b       809     1     9
  6.1294806916537459E-01 b       810     1    10
 -4.5541975238847394E+00 b       811     1    11
  3.8274393837821972E+00 b       812     1    12
 -8.3795192283549549E-02 b       813     1    13
 -5.9394439763253237E-01 b       814     1    14
  3.1424350030422339E+00 b       815     1    15
 -3.7927553343363223E+00 b       816     1    16
  4.5700152800913107E-01 b       817     1    17
 -1.4480907415941990E+00 b       818     1    18
 -1.3525137453080636E+00 b       819     1    19
  1.5682257214877140E+00 b       820     1    20
 -1.4270313440849160E+01 a       821     1     1     2     1
  1.8222601923242865E+00 a       822     1     1     2     2
 -9.5926906975041444E+00 a       823     1     1     2     3
  7.5695556220323388E+00 a       824     1     1     2     4
  1.5188098915878043E+00 a       825     1     1     2     5
 -1.1219075401671082E+01 a       826     1     1     2     6
  1.0497334286763655E+00 a       827     1     1     2     7
  4.6025731294634609E+00 a       828     1     1     2     8
 -2.8888451245238551E+00 a       829     1     1     2     9
  3.5949705202739985E+00 a       830     1     1     2    10
  2.1848333930473767E+00 a       831     1     1     2    11
  3.0285559934414219E+00 a       832     1     1     2    12
 -5.3185967618327297E+00 a       833     1     1     2    13
 -3.1047517600695560E+00 a       834     1     1     2    14
 -1.9456825366913097E+00 a       835     1     1     2    15
  8.7559073758349530E+00 a       836     1     1     2    16
 -1.3885687060270488E+00 a       837     1     1     2    17
 -3.4048904318393363E+00 a       838     1     1     2    18
  7.5673786384482202E+00 a       839     1     1     2    19
 -6.4919083179340946E+00 a       840     1     1     2    20
  5.0866298797206326E+00 a       841     1     2     2     1
 -2.1697736360970180E-02 a       842     1     2     2     2
 -7.7518023843485322E+00 a       843     1     2     2     3
 -6.7738471464951344E-01 a       844     1     2     2     4
 -1.6375415386806087E+00 a       845     1     2     2     5
  9.0795788517576179E-02 a       846     1     2     2     6
  3.7816203597315305E+00 a       847     1     2     2     7
 -1.9758032236547325E+00 a       848     1     2     2     8
  1.1580246772852818E+00 a       849     1     2     2     9
  5.0345725407469653E+00 a       850     1     2     2    10
  5.4680267008011463E-01 a       851     1     2     2    11
 -4.5581268261119998E+00 a       852     1     2     2    12
 -2.0844992723446056E+00 a       853     1     2     2    13
  3.3163132600170653E+00 a       854     1     2     2    14
  1.8809566875957600E+00 a       855     1     2     2    15
 -6.3938476051901612E+00 a       856     1     2     2    16
  7.9345840348806107E-01 a       857     1     2     2    17
  6.1725059243565754E+00 a       858     1     2     2    18
 -3.9613872736639317E+00 a       859     1     2     2    19
  2.8634826058391660E-01 a       860     1     2     2    20
  1.8163671573157407E+00 a       861     1     3     2     1
 -6.1555246112876841E-02 a       862     1     3     2     2
  8.4963235517655384E+00 a       863     1     3     2     3
 -3.8864559000842611E+00 a       864     1     3     2     4
  2.7182003250503559E+00 a       865     1     3     2     5
 -8.6327209686525475E+00 a       866     1     3     2     6
 -3.7259847126252615E-01 a       867     1     3     2     7
  5.3538578635412417E+00 a       868     1     3     2     8
 -1.4637851039243837E+00 a       869     1     3     2     9
  2.2664259141053926E+00 a       870     1     3     2    10
 -2.9978419314103939E+00 a       871     1     3     2    11
 -5.2311820094602068E-01 a       872     1     3     2    12
 -2.8095464212558965E+00 a       873     1     3     2    13
 -3.9463663538289601E-01 a       874     1     3     2    14
 -4.6150195388632733E+00 a       875     1     3     2    15
  2.4503961680691932E+00 a       876     1     3     2    16
 -1.3662238929331676E+00 a       877     1     3     2    17
 -2.6292805169540765E+00 a       878     1     3     2    18
  1.2316863730663115E+01 a       879     1     3     2    19
  3.6892497791590326E+00 a       880     1     3     2    20
  3.6934605468996322E+00 a       881     1     4     2     1
 -7.6013388352791800E-01 a       882     1     4     2     2
 -3.9027372181790843E+00 a       883     1     4     2     3
  2.8474702959722618E+00 a       884     1     4     2     4
  2.4615019709394943E+00 a       885     1     4     2     5
  3.4044289113712498E+00 a       886     1     4     2     6
 -2.9613824432918617E-01 a       887     1     4     2     7
 -3.3958400027873168E+00 a       888     1     4     2     8
 -3.9918212177814247E+00 a       889     1     4     2     9
 -1.0824624858734362E+01 a       890     1     4     2    10
  7.4864606853341997E-01 a       891     1     4     2    11
  7.4577309617168579E+00 a       892     1     4     2    12
 -5.8139895281308283E+00 a       893     1     4     2    13
 -1.3737729698686292E+00 a       894     1     4     2    14
  8.1654803124698283E+00 a       895     1     4     2    15
  2.1072036611358662E+00 a       896     1     4     2    16
 -3.3438696987713263E+00 a       897     1     4     2    17
 -7.6114926062593273E+00 a       898     1     4     2    18
 -3.4042457878145655E+00 a       899     1     4     2    19
  6.6150447851588821E+00 a       900     1     4     2    20
 -1.0245447735355420E+01 a       901     1     5     2     1
  3.6124975111469007E+00 a       902     1     5     2     2
 -7.6798763384562596E+00 a       903     1     5     2     3
  1.3469863781411817E-01 a       904     1     5     2     4
 -1.8466244784503754E+01 a       905     1     5     2     5
 -1.7445060621773450E+01 a       906     1     5     2     6
 -2.7245525926800629E+00 a       907     1     5     2     7
  5.1337825967313613E+00 a       908     1     5     2     8
 -1.2702477963153720E+01 a       909     1     5     2     9
  1.3197025797186168E+00 a       910     1     5     2    10
  4.5492403316143051E+00 a       911     1     5     2    11
  1.1859832666050471E+01 a       912     1     5     2    12
 -2.3123674484854524E+00 a       913     1     5     2    13
  7.8429592005788527E+00 a       914     1     5     2    14
  1.2377428593183535E+00 a       915     1     5     2    15
 -3.3621131076043200E+00 a       916     1     5     2    16
 -8.1141975058014695E-02 a       917     1     5     2    17
 -8.0162881129980457E-01 a       918     1     5     2    18
  1.9397705533700129E+00 a       919     1     5     2    19
 -1.5100136774447162E+00 a       920     1     5     2    20
 -9.1210768446749100E+00 a       921     1     6     2     1
  9.3641819930219539E-01 a       922     1     6     2     2
  2.2081347172419772E+00 a       923     1     6     2     3
  1.5061726867656253E-01 a       924     1     6     2     4
 -5.4949389479174391E+00 a       925     1     6     2     5
  1.3082793460763742E+00 a       926     1     6     2     6
  2.6762450406152505E+00 a       927     1     6     2     7
  3.7555410327637793E+00 a       928     1     6     2     8
 -9.1529824892070852E+00 a       929     1     6     2     9
 -3.9132337490627718E+00 a       930     1     6     2    10
  2.0114211844095502E+00 a       931     1     6     2    11
  2.2399309759196591E+00 a       932     1     6     2    12
  7.6381346251775539E-01 a       933     1     6     2    13
  9.1516704880534028E-01 a       934     1     6     2    14
 -1.7424411028847120E+00 a       935     1     6     2    15
 -1.0508106516061018E+00 a       936     1     6     2    16
 -7.0766531688410037E+00 a       937     1     6     2    17
 -5.7033204064426819E+00 a       938     1     6     2    18
  3.2425755693643361E+00 a       939     1     6     2    19
 -5.6055399291576125E+00 a       940     1     6     2    20
  5.0204297217210234E+00 a       941     1     7     2     1
 -1.2771822829877745E+01 a       942     1     7     2     2
  1.0947861868249928E+00 a       943     1     7     2     3
  2.1619511207909294E+01 a       944     1     7     2     4
 -1.2548039711855703E+01 a       945     1     7     2     5
 -3.9394636275974735E+00 a       946     1     7     2     6
  2.2106754733121048E+00 a       947     1     7     2     7
  7.0826366615265623E+00 a       948     1     7     2     8
  7.6130205526350254E+00 a       949     1     7     2     9
 -3.9269557646280456E-01 a       950     1     7     2    10
 -1.6195032257876150E+01 a       951     1     7     2    11
  9.1709366262436032E-02 a       952     1     7     2    12
  4.0308192871006323E+00 a       953     1     7     2    13
 -1.1327128068970312E-01 a       954     1     7     2    14
  1.2597133006751388E+01 a       955     1     7     2    15
  2.4769658082925595E+01 a       956     1     7     2    16
  1.3388271588845377E+00 a       957     1     7     2    17
 -1.4195012421053940E+01 a       958     1     7     2    18
  6.2356710028928120E-01 a       959     1     7     2    19
  2.2451304727385462E+01 a       960     1     7     2    20
 -2.8696339355684612E+00 a       961     1     8     2     1
  1.0506936654039716E+00 a       962     1     8     2     2
  1.9778821443362322E+00 a       963     1     8     2     3
  9.5706920096626860E+00 a       964     1     8     2     4
  5.6649629630286578E+00 a       965     1     8     2     5
  3.1019823051359827E+00 a       966     1     8     2     6
 -5.4645508984010132E+00 a       967     1     8     2     7
  5.8356156546269182E-02 a       968     1     8     2     8
  1.6447260237292831E+01 a       969     1     8     2     9
 -1.0189619137238992E+01 a       970     1     8     2    10
 -1.6857428937220851E+00 a       971     1     8     2    11
 -1.4162325089455972E+00 a       972     1     8     2    12
  5.8303046662888791E+00 a       973     1     8     2    13
 -3.0424842992955723E+00 a       974     1     8     2    14
 -5.2469647370638315E+00 a       975     1     8     2    15
  3.4074417552247351E+00 a       976     1     8     2    16
  4.0636637614175815E+00 a       977     1     8     2    17
  5.8147452449671917E+00 a       978     1     8     2    18
 -1.1124905998187209E+00 a       979     1     8     2    19
 -4.7826612774521857E+00 a       980     1     8     2    20
 -1.9150874803968943E+01 a       981     1     9     2     1
  2.0421471553235307E+01 a       982     1     9     2     2
  6.6784890158505998E+00 a       983     1     9     2     3
 -1.9700795642924170E+01 a       984     1     9     2     4
  5.2484839897623807E+00 a       985     1     9     2     5
  3.1552338386055294E+00 a       986     1     9     2     6
  1.0478642555265653E+01 a       987     1     9     2     7
  9.0189874773337134E-02 a       988     1     9     2     8
  1.8629862091411912E+01 a       989     1     9     2     9
 -1.3452033446332205E+01 a       990     1     9     2    10
  1.9643403007633609E+01 a       991     1     9     2    11
  3.0166305759780276E+01 a       992     1     9     2    12
 -1.7859797606277588E+01 a       993     1     9     2    13
  9.5783136642397633E+00 a       994     1     9     2    14
 -4.2463321325081695E+00 a       995     1     9     2    15
 -3.6816533705551649E+01 a       996     1     9     2    16
  1.2203599136954645E+01 a       997     1     9     2    17
  2.3334301130978297E+01 a       998     1     9     2    18
 -4.1510858203573726E+01 a       999     1     9     2    19
  1.6153386615765918E+01 a      1000     1     9     2    20
 -7.1567979761550280E+00 a      1001     1    10     2     1
 -1.5462121205358537E+00 a      1002     1    10     2     2
  5.1271409529039202E-01 a      1003     1    10     2     3
  9.1025913093855202E+00 a      1004     1    10     2     4
  1.4015905885794043E+01 a      1005     1    10     2     5
 -3.8379786481314948E+00 a      1006     1    10     2     6
  2.9663431804647225E+00 a      1007     1    10     2     7
  3.5558997042112872E+00 a      1008     1    10     2     8
  5.4831337742028960E+00 a      1009     1    10     2     9
  1.2696414595347935E+01 a      1010     1    10     2    10
  8.7429861799116948E-01 a      1011     1    10     2    11
  2.1490754861223462E+00 a      1012     1    10     2    12
 -6.4228607495362189E+00 a      1013     1    10     2    13
  6.8422354443547073E-01 a      1014     1    10     2    14
  5.7443608249610598E+00 a      1015     1    10     2    15
  8.8373716435070886E+00 a      1016     1    10     2    16
  4.3348723413352745E+00 a      1017     1    10     2    17
 -6.2153799243025825E+00 a      1018     1    10     2    18
 -4.1973047106574475E+00 a      1019     1    10     2    19
 -2.2995763816869634E+00 a      1020     1    10     2    20
 -1.4881358817949021E+01 a      1021     1    11     2     1
 -3.6140894305731935E-01 a      1022     1    11     2     2
  3.0218387040713903E+00 a      1023     1    11     2     3
 -5.1495968052951877E+00 a      1024     1    11     2     4
  8.1678624342528270E+00 a      1025     1    11     2     5
  1.4206279158352919E+00 a      1026     1    11     2     6
  4.2986489942631545E-01 a      1027     1    11     2     7
 -2.6159575480480363E-01 a      1028     1    11     2     8
  6.6510893083209863E+00 a      1029     1    11     2     9
 -9.8205489148407832E-01 a      1030     1    11     2    10
  1.8752263839197152E+01 a      1031     1    11     2    11
 -1.7233728985096029E+01 a      1032     1    11     2    12
 -1.5300827254289815E+00 a      1033     1    11     2    13
 -6.4137873146509392E+00 a      1034     1    11     2    14
  1.0411018804949030E+01 a      1035     1    11     2    15
 -3.3759605093252731E-01 a      1036     1    11     2    16
  2.3499445663871743E+00 a      1037     1    11     2    17
  5.1512297986611193E+00 a      1038     1    11     2    18
  7.5608848966452298E+00 a      1039     1    11     2    19
  2.2894434934238235E+00 a      1040     1    11     2    20
 -3.6961141597530150E-01 a      1041     1    12     2     1
 -3.1460370471549957E+00 a      1042     1    12     2     2
  4.4387887577220004E+00 a      1043     1    12     2     3
  9.8924988270905487E+00 a      1044     1    12     2     4
  4.5830301730186909E+00 a      1045     1    12     2     5
 -1.1274924642178043E+01 a      1046     1    12     2     6
 -1.1640528018208964E+00 a      1047     1    12     2     7
 -3.4217479591043247E+00 a      1048     1    12     2     8
  2.6058618172278538E+00 a      1049     1    12     2     9
 -8.1345949965679818E+00 a      1050     1    12     2    10
  1.0172225996057549E+01 a      1051     1    12     2    11
 -1.4437978661192974E+00 a      1052     1    12     2    12
  7.6729470116580062E-04 a      1053     1    12     2    13
 -4.5883889163688876E+00 a      1054     1    12     2    14
 -3.0236867388160156E+00 a      1055     1    12     2    15
 -3.2007038002418406E+00 a      1056     1    12     2    16
  3.0939305585121555E+00 a      1057     1    12     2    17
  9.5380456650170977E+00 a      1058     1    12     2    18
 -1.6287126508052506E+01 a      1059     1    12     2    19
  2.4895735397665670E+00 a      1060     1    12     2    20
 -1.5838638016936232E-01 a      1061     1    13     2     1
 -5.3349544803581339E-01 a      1062     1    13     2     2
 -4.6702000930978542E+00 a      1063     1    13     2     3
 -1.5302187683313753E+00 a      1064     1    13     2     4
 -7.2165685315440538E+00 a      1065     1    13     2     5
  1.4573205909833744E+01 a      1066     1    13     2     6
 -2.7090207709786180E+00 a      1067     1    13     2     7
 -4.3008709772547249E-01 a      1068     1    13     2     8
 -9.1364930365157591E+00 a      1069     1    13     2     9
 -6.0778004884268366E-01 a      1070     1    13     2    10
 -1.8236610196268990E+00 a      1071     1    13     2    11
 -1.1365107889418480E+00 a      1072     1    13     2    12
 -1.7971763970321009E+00 a      1073     1    13     2    13
 -4.9142560586571626E+00 a      1074     1    13     2    14
  1.0071625607276395E+01 a      1075     1    13     2    15
 -3.4211615462599649E+00 a      1076     1    13     2    16
  3.3333810985748222E+00 a      1077     1    13     2    17
 -3.6787860354840860E+00 a      1078     1    13     2    18
 -1.7149178759937914E+01 a      1079     1    13     2    19
  1.0821728968177693E+01 a      1080     1    13     2    20
  1.5174690979896146E+00 a      1081     1    14     2     1
  2.5354447192905685E+00 a      1082     1    14     2     2
  4.9766998251561079E+00 a      1083     1    14     2     3
  6.0921371355174303E+00 a      1084     1    14     2     4
  4.3761859288575691E+00 a      1085     1    14     2     5
 -1.6230554538477722E+00 a      1086     1    14     2     6
  1.0792030428841415E-01 a      1087     1    14     2     7
 -7.1124994461436442E-01 a      1088     1    14     2     8
 -7.6256490742287903E+00 a      1089     1    14     2     9
  3.6420628222593137E+00 a      1090     1    14     2    10
 -2.1780399127556027E+00 a      1091     1    14     2    11
  3.4009199588226759E+00 a      1092     1    14     2    12
 -1.0092469731293741E+00 a      1093     1    14     2    13
 -1.6292437739157795E+00 a      1094     1    14     2    14
 -6.6777184718308540E+00 a      1095     1    14     2    15
  1.1915536909963000E+00 a      1096     1    14     2    16
 -4.1809234443830885E+00 a      1097     1    14     2    17
  3.1196210948755581E+00 a      1098     1    14     2    18
  1.2986783796894180E+01 a      1099     1    14     2    19
 -9.8330896666969370E+00 a      1100     1    14     2    20
  5.1153521533226032E+00 a      1101     1    15     2     1
  2.7235980903948867E+00 a      1102     1    15     2     2
 -3.0744222816801421E+00 a      1103     1    15     2     3
  4.1898043376126370E+00 a      1104     1    15     2     4
  4.4301728342750080E+00 a      1105     1    15     2     5
  7.6177720542300404E+00 a      1106     1    15     2     6
 -1.3892862883279442E+00 a      1107     1    15     2     7
 -2.8723194522919915E+00 a      1108     1    15     2     8
  6.2563068384017235E+00 a      1109     1    15     2     9
  3.4835543385019814E+00 a      1110     1    15     2    10
 -3.1649753653209904E+00 a      1111     1    15     2    11
  2.6375595112078352E+00 a      1112     1    15     2    12
 -9.2237594673504102E+00 a      1113     1    15     2    13
  3.6318062611459969E+00 a      1114     1    15     2    14
  1.9592630185845532E+00 a      1115     1    15     2    15
 -1.1625990119333887E+00 a      1116     1    15     2    16
  5.8744971186973558E+00 a      1117     1    15     2    17
 -5.7224384177975036E+00 a      1118     1    15     2    18
  5.1356413433834802E-01 a      1119     1    15     2    19
  2.3428101523955069E+00 a      1120     1    15     2    20
  5.3014550776063150E+00 a      1121     1    16     2     1
 -1.6905250482853971E+00 a      1122     1    16     2     2
 -4.5061642044756614E+00 a      1123     1    16     2     3
  8.2182525704934655E+00 a      1124     1    16     2     4
 -4.7622321443083857E+00 a      1125     1    16     2     5
 -1.0946057086688650E+00 a      1126     1    16     2     6
  6.0928762775562639E-01 a      1127     1    16     2     7
 -8.0479157109532451E-01 a      1128     1    16     2     8
 -1.4435156871003485E+01 a      1129     1    16     2     9
  1.9797774427009077E+01 a      1130     1    16     2    10
  8.7776084944889676E-01 a      1131     1    16     2    11
  2.3056324388724558E+00 a      1132     1    16     2    12
 -1.9716971687134004E+00 a      1133     1    16     2    13
 -4.9393347058461473E-01 a      1134     1    16     2    14
 -1.1338379698596276E+01 a      1135     1    16     2    15
 -2.0941616463791231E+01 a      1136     1    16     2    16
 -9.6956763217761033E-01 a      1137     1    16     2    17
  1.0790298634198509E+01 a      1138     1    16     2    18
 -3.2268263457689721E+00 a      1139     1    16     2    19
 -1.3880893983800477E+00 a      1140     1    16     2    20
 -6.4275700463665331E+00 a      1141     1    17     2     1
 -1.7142305583486186E-01 a      1142     1    17     2     2
 -2.2990865108258443E+00 a      1143     1    17     2     3
  7.8998863588778026E+00 a      1144     1    17     2     4
  1.6960157413653711E+00 a      1145     1    17     2     5
 -1.2560446624547694E+00 a      1146     1    17     2     6
 -6.7231626200919548E-01 a      1147     1    17     2     7
 -5.1463004297519195E+00 a      1148     1    17     2     8
 -8.4126147460031730E-01 a      1149     1    17     2     9
 -5.3595530376599072E+00 a      1150     1    17     2    10
  8.8501256289892846E-02 a      1151     1    17     2    11
  3.3856336441347836E+00 a      1152     1    17     2    12
  1.1402092499666483E+00 a      1153     1    17     2    13
 -2.9278665779090964E+00 a      1154     1    17     2    14
  1.1984761082345214E+00 a      1155     1    17     2    15
 -1.1394098808004010E+00 a      1156     1    17     2    16
  1.0840837542440327E+00 a      1157     1    17     2    17
  3.8761284954450281E+00 a      1158     1    17     2    18
  6.6981537473913617E+00 a      1159     1    17     2    19
 -1.2238479999536890E+01 a      1160     1    17     2    20
  7.0313661705086803E+00 a      1161     1    18     2     1
  2.1799040295932293E-01 a      1162     1    18     2     2
 -5.3874047816823705E+00 a      1163     1    18     2     3
  4.3198485896219836E+00 a      1164     1    18     2     4
 -2.6158282036626908E+00 a      1165     1    18     2     5
  5.9642764762193075E+00 a      1166     1    18     2     6
 -2.0317848093975477E+00 a      1167     1    18     2     7
 -2.2885970134999769E+00 a      1168     1    18     2     8
 -2.1476753318706785E+00 a      1169     1    18     2     9
 -1.1251483986133694E+01 a      1170     1    18     2    10
 -3.0094521333403343E+00 a      1171     1    18     2    11
 -2.3265525822150606E+00 a      1172     1    18     2    12
 -6.4480320141891054E+00 a      1173     1    18     2    13
 -9.4864344462921790E-01 a      1174     1    18     2    14
 -4.2954701193323066E+00 a      1175     1    18     2    15
 -1.4601451317086664E+00 a      1176     1    18     2    16
 -1.9876356636501986E+00 a      1177     1    18     2    17
 -2.0021023140949277E+00 a      1178     1    18     2    18
  9.9824870407729076E+00 a      1179     1    18     2    19
 -2.9736361262996787E+00 a      1180     1    18     2    20
  1.6483031571620156E+01 a      1181     1    19     2     1
  7.5728409937260710E-01 a      1182     1    19     2     2
 -4.4204882755269503E+00 a      1183     1    19     2     3
  5.4190366010706370E+00 a      1184     1    19     2     4
 -5.2741293657426480E+00 a      1185     1    19     2     5
 -4.6859648874040323E+00 a      1186     1    19     2     6
 -1.8169519506007448E-01 a      1187     1    19     2     7
 -1.3432486265482559E+00 a      1188     1    19     2     8
 -1.0103099126099904E+01 a      1189     1    19     2     9
  9.0618387983766868E-01 a      1190     1    19     2    10
 -5.0977940378835012E+00 a      1191     1    19     2    11
 -6.1852847647600697E+00 a      1192     1    19     2    12
 -5.3103798914635520E+00 a      1193     1    19     2    13
  4.4703412839692153E-01 a      1194     1    19     2    14
  4.2079570722838886E+00 a      1195     1    19     2    15
  1.0457400415294551E+01 a      1196     1    19     2    16
  4.4073579298719473E-01 a      1197     1    19     2    17
 -3.3054685233075309E+00 a      1198     1    19     2    18
  7.2200096549751080E+00 a      1199     1    19     2    19
 -1.6201654655174316E+01 a      1200     1    19     2    20
  2.8975834582667104E+00 a      1201     1    20     2     1
 -1.6833915166289959E+00 a      1202     1    20     2     2
  7.0410521005605664E-01 a      1203     1    20     2     3
  1.8714579969670957E+00 a      1204     1    20     2     4
 -6.2904581710145226E+00 a      1205     1    20     2     5
  1.5632415395042876E+00 a      1206     1    20     2     6
 -1.4874714376561891E+00 a      1207     1    20     2     7
  7.6552743944832420E+00 a      1208     1    20     2     8
  7.0696058087683351E+00 a      1209     1    20     2     9
 -5.8847744739683154E+00 a      1210     1    20     2    10
 -1.7655278110886330E+00 a      1211     1    20     2    11
 -3.0921335960816472E+00 a      1212     1    20     2    12
  8.3243950556239987E+00 a      1213     1    20     2    13
  5.2977439626556508E+00 a      1214     1    20     2    14
 -9.8488652420500267E-01 a      1215     1    20     2    15
  5.2537747302338209E+00 a      1216     1    20     2    16
  5.1701959368994537E+00 a      1217     1    20     2    17
 -2.4455875308444290E+00 a      1218     1    20     2    18
  8.9245747582272426E+00 a      1219     1    20     2    19
  4.4448455931770969E-01 a      1220     1    20     2    20
 -1.7487705945727498E+01 b      1221     2     1
  3.7223397117340542E+00 b      1222     2     2
  8.3324930290347883E+00 b      1223     2     3
 -8.8730170109925766E+00 b      1224     2     4
  1.1203409513865788E-01 b      1225     2     5
 -2.5071428714849922E+00 b      1226     2     6
  2.0401014767269068E+01 b      1227     2     7
  8.4181084320252850E+00 b      1228     2     8
  9.6676038020555655E-01 b      1229     2     9
 -2.6960722404807385E+00 b      1230     2    10
  1.3401579882548793E+01 b      1231     2    11
 -9.0004885136244783E-01 b      1232     2    12
 -6.9255357647319986E+00 b      1233     2    13
  3.4512109638743094E+00 b      1234     2    14
 -4.7159598281344515E+00 b      1235     2    15
 -1.8320628435110571E+01 b      1236     2    16
  3.2534275101610972E+00 b      1237     2    17
  1.7621462021859742E+01 b      1238     2    18
  1.1651352972013838E+01 b      1239     2    19
  7.4437727992717431E-02 b      1240     2    20
  2.7580327316649961E-01 a      1241     2     1     3     1
  2.3444464798301559E-01 a      1242     2     2     3     1
 -2.0699648246367083E-01 a      1243     2     3     3     1
  1.4656347164779801E-01 a      1244     2     4     3     1
  1.6886521954484418E-01 a      1245     2     5     3     1
  1.8524651845618720E-01 a      1246     2     6     3     1
  2.5531553838845933E-01 a      1247     2     7     3     1
 -2.0693486423515028E-01 a      1248     2     8     3     1
  2.2552025626164127E-01 a      1249     2     9     3     1
 -4.3358005986971614E-02 a      1250     2    10     3     1
  2.4301869492353517E-01 a      1251     2    11     3     1
  9.3395808237740643E-02 a      1252     2    12     3     1
  8.0030747098782815E-02 a      1253     2    13     3     1
 -1.7795047516206647E-01 a      1254     2    14     3     1
 -1.0808346536153288E-01 a      1255     2    15     3     1
  6.0262161097541261E-02 a      1256     2    16     3     1
  1.9361087231484767E-01 a      1257     2    17     3     1
 -1.7986859565312199E-01 a      1258     2    18     3     1
  2.7826550287332302E-01 a      1259     2    19     3     1
 -2.1976790161028670E-01 a      1260     2    20     3     1
 -1.1842878235608796E+00 b      1261     3     1
