################################################################################
# Symmetry function scaling data.
################################################################################
# Col  Name     Description
################################################################################
# 1    e_index  Element index.
# 2    sf_index Symmetry function index.
# 3    sf_min   Symmetry function minimum.
# 4    sf_max   Symmetry function maximum.
# 5    sf_mean  Symmetry function mean.
# 6    sf_sigma Symmetry function sigma.
#########################################################################################################################
#        1          2                        3                        4                        5                        6
#  e_index   sf_index                   sf_min                   sf_max                  sf_mean                 sf_sigma
#########################################################################################################################
         1          1   1.0412385763375238E-02   2.8890689551868320E-01   8.0933607579263281E-02   5.3812612285648161E-02
         1          2   6.9802155825616580E-02   5.7992468082364856E-01   2.4341682308330984E-01   1.3557779220676708E-01
         1          3   1.1384112622113815E-03   1.6380202464297011E-01   4.0351595131897788E-02   3.6873464434147400E-02
         1          4   0.0000000000000000E+00   5.7285506080764520E-02   1.3881025824336089E-02   1.1596765990358847E-02
         1          5   1.8953177631421000E-02   1.3864768310678269E-01   6.2950057327147951E-02   2.5459326024988457E-02
         1          6   1.6057566773690196E-01   1.2820259358618493E+00   4.8657161083295619E-01   2.7014612141841621E-01
         1          7   2.1268168815843824E-03   3.0713379718225925E-01   7.3046573135012421E-02   6.7889844324680801E-02
         1          8   4.0135434361643893E-02   2.8716612696546157E-01   1.2083867797348105E-01   4.9593421036887117E-02
         1          9   1.0748585069537225E-02   6.4228636952931495E-01   2.1065522087186173E-01   1.0726777058006363E-01
         1         10   1.6112678888409825E-05   4.8786686688301006E-01   8.2574233665724431E-02   8.2242214872959338E-02
         1         11   0.0000000000000000E+00   1.4002772715984443E-01   5.4752367956702894E-02   4.7598796259097242E-02
         1         12   3.4285752740243680E-03   4.6465610688740294E-01   1.3312746442449455E-01   7.2137482617226981E-02
         1         13   5.9171848739760574E-05   8.4149763893039342E-01   3.3413966537311046E-01   2.0414416282754855E-01
         1         14   1.0750556903647401E-01   1.6284329849431718E+00   6.1027867838970007E-01   2.7489435165174475E-01
         1         15   1.2845547281514254E-10   6.0613815515005653E-01   9.5633428370587595E-02   9.0649573176286552E-02
         1         16   0.0000000000000000E+00   1.9079180671216076E-01   5.6535216539658914E-02   7.2941778599579010E-02
         1         17   3.4005859669835901E-06   3.8132365193487983E-01   8.1961204753914080E-02   7.8177362777826415E-02
         1         18   2.8937000096693966E-10   9.4661400277968766E-01   3.7363126794370233E-01   2.3315356785024968E-01
         1         19   2.0489163525328588E-01   9.6135328803645592E-01   5.0271456454834484E-01   1.9410642429025893E-01
         1         20   2.7999852625885461E-21   3.6885631243965300E-01   8.5880762155669102E-02   1.0054393282562686E-01
         1         21   0.0000000000000000E+00   2.4341288454915416E-01   3.8111113564550436E-02   7.1923259453364169E-02
         1         22   8.6112606902578066E-13   2.1770229361056978E-01   2.6543625125468043E-02   4.7661895055070132E-02
         1         23   3.5020538562150441E-21   7.8797955291132027E-01   2.6123324847590063E-01   2.3071711715050819E-01
         1         24   1.0694670873289708E-01   5.1978531234531600E-01   2.4090607835385522E-01   7.1622254631347151E-02
         1         25   1.1227977334466458E-41   2.5615697268746712E-01   2.7485992401070372E-02   4.9102778486143639E-02
         1         26   5.5316890620277213E-26   4.4726956368188645E-02   1.1355272823788886E-03   3.0585184280201567E-03
         1         27   3.9368701988344460E-42   4.1757007424477427E-01   6.0210823102496903E-02   6.7707492845046569E-02
         1         28   1.6038440494449249E-01   3.1821900112285595E-01   2.5407945133784327E-01   1.8867573112977855E-02
         1         29   2.9546176960343452E-79   4.6374421209683797E-02   7.5305149881968708E-04   2.0427661279409938E-03
         1         30   0.0000000000000000E+00   2.9961773552049801E-03   1.9472972070293609E-05   8.9262661512265714E-05
         1         31   1.8459601263591893E-01   3.4933152095729741E-01   3.1179878286415974E-01   2.1232846583723524E-02
         1         32   1.6891083424646753E-06   1.3559718108462873E-03   2.1014950037186067E-04   2.0746588356141871E-04
         1         33   2.3743927326351540E-04   8.5510290270016508E-03   1.6586390113054511E-03   1.4696194245338737E-03
         1         34   6.4932129608251915E-07   1.7699602598524441E-03   2.6669065856985694E-04   2.8051393992001620E-04
         1         35   3.3028154461764725E-05   1.2980048090804773E-02   2.1748155292164238E-03   2.3186473701721231E-03
         1         36   4.9606487075923693E-06   5.2840560485508635E-03   6.6316381169961240E-04   9.7057043817761791E-04
         1         37   8.5805053491986471E-05   5.0596934285613406E-03   1.0704071949341799E-03   9.4033353899419803E-04
         1         38   0.0000000000000000E+00   6.0688619543407783E-04   4.2125497652442124E-05   9.6500878595703286E-05
         1         39   8.4703012694440046E-07   1.0068391041252892E-03   1.2398426119756393E-04   1.7455708686786001E-04
         1         40   0.0000000000000000E+00   4.7065083332087089E-04   1.2288228857534214E-04   9.7815924929895055E-05
         1         41   1.9991331575642982E-05   2.7745155643989481E-03   5.5201445382164474E-04   4.9622991407823720E-04
         1         42   1.2584221723636766E-03   1.8515485947260140E-02   4.5286878223275481E-03   3.7077013439227651E-03
         1         43   0.0000000000000000E+00   1.4748600853899336E-03   4.0244190214591837E-04   3.1383998505955454E-04
         1         44   1.5403434618016087E-04   3.7919752877151247E-03   1.1299764576618155E-03   7.2196304253768567E-04
         1         45   6.7691242351511122E-04   2.9970935599474793E-02   6.8343460272267433E-03   6.4482293126530378E-03
         1         46   1.0615921366210104E-04   1.3252149433471061E-02   2.2954178172800914E-03   2.7829311424644198E-03
         1         47   0.0000000000000000E+00   4.7108563040807140E-03   7.5455496999206979E-04   6.9469286652141106E-04
         1         48   6.9954775034651400E-04   1.2060371506914797E-02   3.3514097643738451E-03   2.4454683617705711E-03
         1         49   0.0000000000000000E+00   1.3303765845961621E-03   1.3648303117770486E-04   2.3631086620266867E-04
         1         50   4.2776365527407887E-05   2.3680866181456910E-03   5.2597939132245002E-04   4.5500550105333497E-04
         1         51   1.9855321470513343E-10   4.1673544647629756E-04   2.5035069622978911E-05   4.5870151436612592E-05
         1         52   6.3295964159294368E-08   1.4147265900098067E-03   1.4967124273106041E-04   1.9300196687623293E-04
         1         53   7.5674899756066060E-11   2.7044904707152498E-04   9.5339455708210056E-06   2.3876235890107797E-05
         1         54   0.0000000000000000E+00   1.3066144485398485E-04   1.1527163157224691E-05   1.6786217075578387E-05
         1         55   3.9185993897665657E-08   3.4319147540230478E-04   3.5153306006061568E-05   4.6903172509969046E-05
         1         56   3.1959707375272448E-11   9.7153096137229911E-04   1.2081913957155758E-04   1.3095268259991256E-04
         1         57   1.1900700930829153E-08   4.3267196391877540E-04   5.0781850888659933E-05   6.7775722291908109E-05
         1         58   0.0000000000000000E+00   1.1451923284005451E-04   7.9680177670675148E-06   2.3390602743492939E-05
         1         59   3.1058867987806010E-06   1.2742418299871048E-03   2.3892259814162550E-04   2.3378854924459056E-04
         1         60   3.5443075019186282E-04   7.1346065525386068E-03   1.8459053984523860E-03   1.4188729084589839E-03
         1         61   1.3621308513383408E-06   1.3104576828206307E-03   2.7045271729398806E-04   2.6162682775608209E-04
         1         62   0.0000000000000000E+00   8.0370451610812133E-04   1.7437337709632730E-04   1.3636038386777671E-04
         1         63   3.7804455653874426E-05   1.2235441642730813E-03   3.5566105159003407E-04   2.2881042875544299E-04
         1         64   4.5539688018813294E-04   1.0298957768047248E-02   3.0436124912857723E-03   2.4456937797900967E-03
         1         65   5.0145796058772024E-05   4.8251363934963820E-03   1.0078818523919463E-03   1.0323731093121171E-03
         1         66   0.0000000000000000E+00   1.6091385170486751E-03   3.3459135295484793E-04   2.5119144052961458E-04
         1         67   0.0000000000000000E+00   5.2791741592148533E-04   6.0522988828773617E-05   8.7562252052553335E-05
         1         68   0.0000000000000000E+00   3.1148928996563936E-04   6.8224576449907288E-05   6.0238174146401775E-05
         1         69   3.6789587238471286E-05   1.0039695500009709E-03   2.7031148769256588E-04   1.8127877524793602E-04
         1         70   0.0000000000000000E+00   2.6292865080940133E-04   7.2720438946026941E-05   5.6916363139399155E-05
         1         71   3.8010889017771694E-08   4.3689351127914607E-04   1.2192208606817870E-04   8.7402727242664148E-05
         1         72   7.1174687752186352E-04   3.9267616171838139E-02   7.8083103474119739E-03   5.3646966587713235E-03
         1         73   8.1324010910486535E-09   5.2166246574032364E-03   1.2258562355402329E-03   9.3802801050447103E-04
         1         74   0.0000000000000000E+00   5.9456380834073943E-03   1.2294827490724209E-03   1.3438259386599558E-03
         1         75   1.7472454385692926E-04   6.9002628389100665E-02   9.4932412703893805E-03   9.0789219499084178E-03
         1         76   3.0342487164776912E-06   2.7133393933271042E-02   2.0887955849398210E-03   3.6388828861241645E-03
         1         77   0.0000000000000000E+00   8.5652183396052375E-03   1.3502117409067553E-03   1.5484529197901699E-03
         1         78   0.0000000000000000E+00   3.1464092156680136E-03   2.4569281492956008E-04   4.1994715425456837E-04
         1         79   6.5095085457230842E-07   4.7964668897615007E-03   4.9434776861899280E-04   7.1839607099591699E-04
         1         80   7.7076471467967925E-07   1.2856120565527214E-02   3.1926294301014529E-03   2.4103718596063216E-03
         1         81   5.3372040233792481E-03   9.5603626405682957E-02   1.9997850311379718E-02   1.2538259669947227E-02
         1         82   4.1632134564856383E-08   1.1401816748051007E-02   3.2521309764228681E-03   2.0683728311905493E-03
         1         83   0.0000000000000000E+00   1.0100203237378206E-02   2.7942609260074385E-03   2.3588787128227657E-03
         1         84   3.4081702785753458E-03   1.6346225272461021E-01   3.2027354591418394E-02   2.7018696169905269E-02
         1         85   1.8601917292506157E-05   5.6264502367362766E-02   7.7557860486134377E-03   9.3185962915485615E-03
         1         86   0.0000000000000000E+00   1.9998933639517050E-02   3.9695960812525600E-03   3.3964728743298709E-03
         1         87   1.2134982564382777E-03   5.2487368501490890E-02   1.3045776657587120E-02   8.6245357128300580E-03
         1         88   2.4916642727812463E-05   1.2618083596009010E-02   2.4638862428810848E-03   2.1963436214653817E-03
         1         89   0.0000000000000000E+00   5.3629570952382407E-03   8.9570932953326869E-04   8.6594196595435053E-04
         1         90   1.1177626867922646E-09   8.2812283345614201E-03   8.6850720170630576E-04   1.0111809146375341E-03
         1         91   5.3212253385865002E-12   1.6317052227435285E-03   1.2905862510976135E-04   2.6373185182137598E-04
         1         92   4.6311615232363080E-07   5.1673600500487700E-03   6.1596354613588844E-04   6.9730087731246441E-04
         1         93   9.4779405799048077E-13   1.2784385294819804E-03   3.7436838982782016E-05   8.2434304936305472E-05
         1         94   0.0000000000000000E+00   1.0574740325559066E-03   8.3093379753743804E-05   1.5346589725519363E-04
         1         95   2.3183807239362312E-08   1.8173979157316063E-03   1.6931437316275021E-04   2.5231695953107768E-04
         1         96   1.2235676420808827E-10   3.8482851699825670E-03   4.3172574974727771E-04   4.3890413423078268E-04
         1         97   1.1939944576858992E-08   1.8310960829171774E-03   1.7804990331395405E-04   2.7631220040536588E-04
         1         98   0.0000000000000000E+00   7.7345340549385877E-04   5.4368683185881807E-05   1.6321234440754782E-04
         1         99   0.0000000000000000E+00   2.7340707114031969E-04   1.1629450995954500E-05   1.9348889759173872E-05
         1        100   2.6580898806651310E-17   1.7780183657714889E-04   2.1281425111150535E-06   7.9299171849385970E-06
         1        101   1.2463728853154138E-07   7.0907238091742842E-03   1.3197672955782653E-03   1.0786033263578796E-03
         1        102   2.0956360889869195E-03   3.2973382027842321E-02   7.4868129244685068E-03   4.7919751141996718E-03
         1        103   1.7059738312862926E-08   5.0611014236026626E-03   1.1445926297133004E-03   8.7655251388570250E-04
         1        104   0.0000000000000000E+00   3.5458511100253400E-03   9.9669191612200211E-04   7.7664445572465132E-04
         1        105   2.0495275608877035E-05   4.8886171621806297E-03   1.2659307051119297E-03   9.0945545192356615E-04
         1        106   9.4479420900041926E-06   1.9519087772769977E-02   3.8023679045484171E-03   3.4591513347772915E-03
         1        107   0.0000000000000000E+00   6.3564882523982971E-03   1.6444852959455073E-03   1.2052358949188977E-03
         1        108   8.0374282669995391E-04   1.8092691894142525E-02   5.2498449771318616E-03   2.8229789536174834E-03
         1        109   2.1687942424751212E-05   5.3463954196319363E-03   1.2883354086388498E-03   9.4097922022522216E-04
         1        110   0.0000000000000000E+00   1.3158164325666685E-03   2.0107998588184969E-04   1.9000459116777906E-04
         1        111   8.5070609958827266E-10   2.1967261679673019E-03   3.6253806798927391E-04   3.5007383023737582E-04
         2          1   1.8561776861459958E-02   2.9060846608411156E-01   1.2170841154165529E-01   6.0685338751663633E-02
         2          2   6.7182634485384515E-02   5.5704967238766256E-01   2.7150635471382817E-01   1.1871461085121626E-01
         2          3   4.8325037763522903E-04   1.4111164356792480E-01   4.2581492970533825E-02   3.2304683230885881E-02
         2          4   0.0000000000000000E+00   6.2757233854012648E-02   1.2347094077713996E-02   1.4363801175132519E-02
         2          5   1.3965742523345298E-03   1.6880850089370186E-01   6.2476665087746380E-02   3.4340038100144132E-02
         2          6   2.2812319034371531E-02   6.1851184964859551E-01   2.4328580541647837E-01   1.2299332591917990E-01
         2          7   1.4768664239025672E-01   1.1436919126172682E+00   5.4429475226452517E-01   2.2984493247386431E-01
         2          8   0.0000000000000000E+00   1.4885897547397700E-01   2.4922400668663990E-02   2.9887313742936558E-02
         2          9   4.2094033326673325E-03   3.2832436398847470E-01   1.2465232686928085E-01   6.8986254344888601E-02
         2         10   5.4812091460013410E-02   9.4397579026866862E-01   3.1268074440409432E-01   1.6487158861005102E-01
         2         11   2.5101535629327543E-01   1.6241254269740875E+00   7.3015252272798703E-01   2.5111659013610860E-01
         2         12   0.0000000000000000E+00   1.9323693492323069E-01   3.5614619369988242E-02   4.8660851066266053E-02
         2         13   2.5562047033091759E-02   9.3311921569453427E-01   3.0513933919485109E-01   1.4047995116918230E-01
         2         14   9.1970445617980396E-15   4.9104830041568165E-01   8.9951887226846022E-02   9.8769285761138179E-02
         2         15   0.0000000000000000E+00   1.9358137365265851E-01   3.6914725343483348E-02   6.5115790883421232E-02
         2         16   1.1402213487172789E-03   3.9295670353162787E-01   1.2890798530265701E-01   8.2024712245730935E-02
         2         17   1.1674088462993906E-03   8.2379429040806551E-01   2.5135728227417242E-01   1.8049976655812450E-01
         2         18   9.6024897245167745E-02   1.2854730979595064E+00   7.6465815946264415E-01   2.3531641932986225E-01
         2         19   1.5252277502100775E-28   3.2697250528866684E-01   8.1051323490826679E-02   9.9925761829172940E-02
         2         20   0.0000000000000000E+00   2.3161964882448507E-01   1.8915816714098851E-02   4.5966123955316310E-02
         2         21   1.3062853858447808E-07   4.2469928828820364E-01   9.3469264440700306E-02   9.4705433162365141E-02
         2         22   5.0153911361721570E-08   6.7818245783976761E-01   1.2045303917692758E-01   1.2798092797782243E-01
         2         23   5.3147212674082824E-02   1.0843054940500598E+00   5.6151065241641618E-01   2.0583415675627911E-01
         2         24   1.5494323775149610E-54   3.3332113636631616E-01   6.5353624884833428E-02   1.0328296097819747E-01
         2         25   0.0000000000000000E+00   1.8962370368128975E-01   8.7286462426891479E-03   3.1933743271761607E-02
         2         26   5.0241250324126671E-16   5.7063993260994639E-01   7.1529136027746909E-02   1.4478655736136323E-01
         2         27   7.6336736868165114E-05   9.5192267091377714E-01   5.3866968494458956E-01   2.2675123193945804E-01
         2         28  6.1765473743714004E-102   3.2231270978084281E-01   7.2523482388986676E-02   1.2615546782539980E-01
         2         29   0.0000000000000000E+00   3.2197389436786078E-01   1.5828929775815886E-02   6.8990421485595907E-02
         2         30   1.5936281321520013E-32   2.1482008004118716E-01   1.8808485203524964E-02   3.9441915070082587E-02
         2         31   3.9378394990502107E-11   2.9962723310331368E-01   8.7132083808502139E-02   5.2783890145477158E-02
         2         32  2.0208639852833319E-186   1.6534016418291095E-01   1.4678066957961356E-02   2.8188534112568813E-02
         2         33   2.5810789164545989E-63   4.5808560523279999E-03   1.6685095020965989E-04   3.9294681019805445E-04
         2         34   3.5472662579597642E-05   2.3436289326106531E-03   4.3799758772194731E-04   3.6964970417200646E-04
         2         35   4.7267736273332858E-04   9.1042685761758418E-03   2.6122356543232415E-03   1.8742001800159129E-03
         2         36   7.2545035798016588E-07   2.1764593897864387E-03   5.0073464005690555E-04   5.0151331636929381E-04
         2         37   0.0000000000000000E+00   8.2965718675761645E-04   1.3382814279704367E-04   1.7238713995104950E-04
         2         38   1.3116910879553626E-04   2.7375822257601442E-03   7.0245942018694254E-04   4.8998567787450150E-04
         2         39   6.3044479876182575E-05   1.0973857137571765E-02   2.7269675043868568E-03   2.2618287630741664E-03
         2         40   0.0000000000000000E+00   2.1692552720097283E-03   2.6604044322899262E-04   3.7302440494695630E-04
         2         41   2.0832746486402156E-04   4.9329791340618455E-03   1.4645957150935306E-03   1.1151909373476277E-03
         2         42   0.0000000000000000E+00   6.5096271523073959E-04   6.7434319374501609E-05   1.2372268667421938E-04
         2         43   2.0905351903799997E-09   1.1618646423284672E-03   1.8154638895590125E-04   2.3392233659520555E-04
         2         44   0.0000000000000000E+00   6.6622222758911753E-04   9.8374205195264159E-05   1.1508390668074690E-04
         2         45   0.0000000000000000E+00   5.7735407448100380E-04   1.0221869371210351E-04   1.1787043197521810E-04
         2         46   3.9682138133295916E-05   5.4111164388527325E-03   1.1088341206863027E-03   1.0193302941250207E-03
         2         47   9.1500414898088912E-04   2.2788749289665303E-02   6.3969259021199407E-03   4.7325224938923891E-03
         2         48   3.3693869970867188E-06   4.4838544272958877E-03   9.7855617443294877E-04   1.0142370996162155E-03
         2         49   0.0000000000000000E+00   2.3989361976933595E-03   3.6603284811668975E-04   4.8974307537629261E-04
         2         50   1.5598774501191588E-04   5.0030044594972529E-03   1.5084490594670743E-03   1.0966659206973189E-03
         2         51   6.9207726693541391E-04   2.4145276025139436E-02   7.0290964922163626E-03   5.8096221634250517E-03
         2         52   1.7675323607349372E-05   1.3170928803314719E-02   2.6470467332492262E-03   3.0898785878578946E-03
         2         53   0.0000000000000000E+00   4.9408505006803835E-03   6.8115023207658098E-04   8.8347427628335099E-04
         2         54   3.8205794224598896E-04   1.1869447951427818E-02   3.5922040414248370E-03   2.7938603740417594E-03
         2         55   0.0000000000000000E+00   1.5254249466359160E-03   1.8787680615215248E-04   2.8596894984962489E-04
         2         56   0.0000000000000000E+00   1.2569778280300697E-03   1.4241006055024688E-04   2.0000888685955463E-04
         2         57   6.3782767631782997E-06   2.6285517863828909E-03   5.5784245179734185E-04   6.0318531688924011E-04
         2         58   0.0000000000000000E+00   1.4225316092682740E-03   2.8861516286928678E-04   3.0038178524486019E-04
         2         59   1.2990854381514049E-06   3.9736238728541604E-04   5.9407413326067805E-05   5.3550131797823090E-05
         2         60   4.8454102707227381E-05   1.2446992834728879E-03   3.4814568084652191E-04   1.8430008275101040E-04
         2         61   1.3592734353634444E-10   3.3103407543960136E-04   6.9818705403726901E-05   7.8757793920427194E-05
         2         62   0.0000000000000000E+00   1.5529584068159200E-04   1.4676675306459884E-05   2.5012342280951639E-05
         2         63   1.0003423945960755E-05   3.4953349088610457E-04   8.3899914391833766E-05   5.9324282992707626E-05
         2         64   1.2830891433079392E-09   1.1726115234953630E-03   4.7133483052316306E-04   2.7788648739406399E-04
         2         65   1.1857587537512351E-12   6.0202236108905657E-04   1.1619330757155383E-04   1.4256312062890160E-04
         2         66   1.5303819307593937E-07   6.7418676585861525E-04   1.7483313624925000E-04   1.3577093958958800E-04
         2         67   3.9110217670209976E-26   1.5103109958120140E-04   1.6914768291234530E-05   2.7286656810163165E-05
         2         68   3.2599051813667106E-06   2.0345247356476168E-03   4.6986138067590586E-04   4.1736710930557629E-04
         2         69   3.0124737029181141E-04   7.7664493785156736E-03   2.5808124896127189E-03   1.6293526882290113E-03
         2         70   1.2918247827421073E-06   1.4341469147438740E-03   3.2218201900743361E-04   3.2411286815246679E-04
         2         71   0.0000000000000000E+00   1.0165431842027732E-03   1.5437716082156128E-04   1.9402786972483340E-04
         2         72   1.8747508667572451E-05   1.5244326266182491E-03   4.8030580198946121E-04   3.4314709379393353E-04
         2         73   4.3674036337109533E-04   9.3035599109374846E-03   3.2774958226157867E-03   2.0852501787080239E-03
         2         74   1.3390587059375784E-05   4.3917018617311903E-03   9.9178230610304577E-04   1.0294041163714943E-03
         2         75   0.0000000000000000E+00   1.7461174839583891E-03   2.6815532221286930E-04   3.1933071742590367E-04
         2         76   1.6697021116854116E-04   4.6010049062364371E-03   1.3839459037945482E-03   9.4325689570019160E-04
         2         77   0.0000000000000000E+00   5.5634001552743047E-04   7.5342011570821231E-05   1.0055209667976053E-04
         2         78   0.0000000000000000E+00   5.0525876624155086E-04   5.4566966084169848E-05   7.5816677020405348E-05
         2         79   4.6232743956199049E-07   1.1630123942097800E-03   2.6154142558954723E-04   2.4047220591297554E-04
         2         80   0.0000000000000000E+00   4.6133527531287997E-04   9.6490462670132301E-05   9.8105777512766732E-05
         2         81   4.9104912239962161E-05   1.1728306948116300E-02   1.7453123087282250E-03   1.5963992094440162E-03
         2         82   3.7031117138146582E-03   4.1791290389011755E-02   1.2292713319686167E-02   6.4699734837465371E-03
         2         83   1.0410095709350221E-08   8.7906668076953853E-03   1.7076599254809003E-03   1.7051165086528642E-03
         2         84   0.0000000000000000E+00   4.7682401821492210E-03   7.3986891519513633E-04   1.1535291460547600E-03
         2         85   5.5418164075369863E-04   5.7156132588700649E-02   1.3000620906627165E-02   9.0731460669069390E-03
         2         86   8.6407488104403108E-08   3.0177731603138261E-02   4.6119527865312437E-03   5.7088320691569862E-03
         2         87   0.0000000000000000E+00   1.0267121629873262E-02   1.1430821120930455E-03   1.6698383628332160E-03
         2         88   6.1970612551040668E-04   2.0845970259631464E-02   6.1687098448474755E-03   3.7788067819350289E-03
         2         89   0.0000000000000000E+00   3.5606830312339089E-03   2.5441503378300663E-04   5.0248238012143374E-04
         2         90   0.0000000000000000E+00   3.4869050187373960E-03   2.1231664069587634E-04   4.2108223328355559E-04
         2         91   8.6799083603899108E-10   4.9437641899999687E-03   6.4660715960442386E-04   8.2036893838073968E-04
         2         92   0.0000000000000000E+00   3.6946810757554076E-03   3.9820551980889520E-04   5.1742844741767074E-04
         2         93   5.9443281243389927E-06   3.1181487506045619E-02   5.2062278559697169E-03   5.8778927568269379E-03
         2         94   5.5746174094684188E-03   1.0248054166694424E-01   2.9227882542121719E-02   1.7121200846888781E-02
         2         95   4.6763930792301177E-08   1.5721144182306006E-02   3.2146308912957395E-03   3.4562100960811477E-03
         2         96   0.0000000000000000E+00   1.4929887043539090E-02   1.9200349958845234E-03   2.9968928999865581E-03
         2         97   3.1477402352823517E-04   2.5569488233226224E-02   5.7127235583077180E-03   4.0383793712532087E-03
         2         98   5.0425615507942462E-03   1.3312976582203315E-01   3.3588655408291611E-02   2.3103470683054558E-02
         2         99   1.6423208826880153E-06   6.8432785122957487E-02   1.1061259112201422E-02   1.3299466021739537E-02
         2        100   0.0000000000000000E+00   2.6087168047348629E-02   2.9687934569308972E-03   3.9752777682973504E-03
         2        101   2.4704696714285871E-03   4.5829004817836187E-02   1.4653607176598873E-02   8.8642747820564909E-03
         2        102   0.0000000000000000E+00   9.0260020413653677E-03   8.7854649463768965E-04   1.4108151188565580E-03
         2        103   1.1705760720654455E-06   1.3632052499666284E-02   2.4308940773156225E-03   2.5111743609943569E-03
         2        104   0.0000000000000000E+00   5.6693753405287388E-03   6.8162507949835055E-04   9.4593847390992563E-04
         2        105   0.0000000000000000E+00   7.6650152313275984E-03   1.0288691293961795E-03   1.2877941247237648E-03
         2        106   5.0862596586139508E-07   1.2704004431836427E-03   2.0037498179590268E-04   2.0596374661903369E-04
         2        107   9.5808810776185421E-05   4.9638103076359661E-03   1.7455155163406443E-03   9.2080409681280896E-04
         2        108   2.1383245971737900E-12   1.5164867653288962E-03   3.1323018485983914E-04   3.5670443675930814E-04
         2        109   0.0000000000000000E+00   1.0875368171400668E-03   6.9844932563433909E-05   1.4170206422889459E-04
         2        110   6.1412513827264434E-06   1.9217276480418624E-03   3.2548429003016283E-04   3.2844418131007693E-04
         2        111   1.0812645700118749E-08   5.0021462062256128E-03   2.2297641616944195E-03   1.3491630032458322E-03
         2        112   4.8870288947022460E-12   3.5975024890601312E-03   6.0332463569478427E-04   8.8937085962864464E-04
         2        113   3.7297761346619695E-07   3.1084222882734871E-03   8.1097626577449175E-04   7.5617700662738985E-04
         2        114   0.0000000000000000E+00   1.9598696067773847E-04   8.6322777060257893E-06   2.1509386268764577E-05
         2        115   0.0000000000000000E+00   5.6375406388584840E-04   6.2672685307620262E-05   1.3197410565525918E-04
         2        116   0.0000000000000000E+00   2.6574296134520479E-04   1.4174667872187959E-05   3.3827113798088533E-05
         2        117   3.7973626755217040E-07   1.2441102383582458E-02   2.3059255736691694E-03   2.6273395323181533E-03
         2        118   0.0000000000000000E+00   5.4727526278918462E-03   7.3655064401232252E-04   1.0526826280055225E-03
         2        119   4.4336004297454567E-05   7.1081525628732545E-03   1.6363214652825031E-03   1.2088689124556806E-03
         2        120   2.7107570072014671E-03   4.3878823304820805E-02   1.5621892725348708E-02   8.4577041167210060E-03
         2        121   1.3012839006163168E-06   2.1723187543624171E-02   4.2396598633655013E-03   4.5975470206713878E-03
         2        122   0.0000000000000000E+00   8.9416214078780146E-03   1.1520454635956846E-03   1.4612263150850322E-03
         2        123   9.2201123242919452E-04   1.6483827268691312E-02   5.6397594310027260E-03   3.0946870060210960E-03
         2        124   0.0000000000000000E+00   1.8667967227538808E-03   2.4968921794778405E-04   3.7223650428857912E-04
         2        125   1.4923198192506666E-07   5.5213924929767549E-03   1.1949188577410339E-03   1.0982843611040444E-03
         2        126   0.0000000000000000E+00   1.2877524841018190E-03   1.4798168417477303E-04   2.1989952944167693E-04
         2        127   0.0000000000000000E+00   2.2138444740699369E-03   3.1326488845395602E-04   3.9084754253154963E-04
         3          1   6.4974956120729482E-02   3.3616847407025746E-01   1.3450531710632574E-01   6.4329976985866733E-02
         3          2   2.0655053875635616E-04   6.2756614995641363E-02   1.7442877148787277E-02   1.8545818469868903E-02
         3          3   7.4439881248595779E-03   1.4620464515606935E-01   4.5868796532280355E-02   3.2663034322706147E-02
         3          4   9.2277217460958072E-02   5.8780383648224110E-01   2.4348857711670796E-01   1.0563661158193370E-01
         3          5   1.5864990235119031E-01   1.1897759938828716E+00   5.6649708187786796E-01   2.8255767863096359E-01
         3          6   1.4352171888307743E-03   1.6997820044129083E-01   5.3482229320378959E-02   5.2551155066967531E-02
         3          7   8.9800195573785222E-06   1.4437805260311165E-01   3.4222856512816147E-02   3.5490809409886900E-02
         3          8   2.7519920620258053E-02   2.0126501670230726E-01   8.4740667241278891E-02   5.0570750561858419E-02
         3          9   3.6241771493062833E-02   7.6165910883494703E-01   2.7524744555241526E-01   2.0319769761263692E-01
         3         10   2.4794281886929043E-01   1.5887083559553141E+00   6.7646379205886076E-01   3.1901046544596312E-01
         3         11   2.0134741934873731E-09   1.3863740425861026E-01   3.5305673251523784E-02   3.1187631228572429E-02
         3         12   9.8585923536242508E-03   3.6841036279311246E-01   1.4287786192937188E-01   8.8167869213096731E-02
         3         13   3.1531583202421638E-04   8.5966370842749718E-01   3.1877809456862621E-01   2.9476288560601405E-01
         3         14   3.9709449953725023E-01   1.1597995483686556E+00   5.9967924817897622E-01   1.2808787829033386E-01
         3         15   2.5000694337946452E-17   1.7619553958095005E-01   5.5763181617135185E-02   7.1689983487421671E-02
         3         16   2.7533253652820538E-02   5.1120816452016249E-01   2.1854333564763012E-01   1.4151396749059938E-01
         3         17   4.7470875184993352E-09   8.3432416643692309E-01   2.8626920718556359E-01   2.8553853837515297E-01
         3         18   4.2289233412139188E-01   6.8662869006685279E-01   5.4034215660551232E-01   5.7048983387484299E-02
         3         19   3.6739338699972449E-22   2.3753789740932246E-01   1.2227300551472456E-01   8.7079815459248019E-02
         3         20   6.7557367458928977E-33   2.4305926236529263E-01   7.4014511792020260E-02   1.0440597449237900E-01
         3         21   1.0925217209627426E-01   3.0259716713555113E-01   1.7972317419912812E-01   3.7611496036691582E-02
         3         22   4.2120434096167716E-19   4.3947014287221031E-01   9.1619974670234458E-02   1.1711976345077432E-01
         3         23   2.5437627543666308E-01   8.0650607266557695E-01   4.3569083256555718E-01   2.0669080110330443E-01
         3         24   3.3190375780440134E-43   5.1694950355638300E-02   1.4283240639007709E-02   1.1162106970268074E-02
         3         25   4.8941410339753424E-62   1.0955515708286140E-01   1.6948386092124328E-02   2.4783353459957233E-02
         3         26   3.2800120351213725E-03   2.8900642337565580E-01   1.9343825060345077E-01   1.3088542356674107E-01
         3         27   1.5826862577686808E-38   4.8580425853271041E-02   2.5101716627322912E-03   4.2924068326177052E-03
         3         28   2.1534424192812809E-01   9.3302827792290333E-01   4.8348988259324660E-01   2.7488207316340052E-01
         3         29   5.7406757915224875E-82   2.8834209507765958E-04   2.3838796337806845E-05   2.7199400532014017E-05
         3         30  6.5020939427603112E-115   2.2785888098616003E-03   1.0188378020945112E-04   1.7799832931106668E-04
         3         31   1.7411017522837961E-07   2.0768021035012854E-01   9.3440620571540969E-02   6.7802190003074109E-02
         3         32   1.9184182412024824E-74   1.6020952925223568E-04   5.7964191435082636E-07   2.6827435897521655E-06
         3         33   1.4107842001600021E-02   2.9175156506613509E-01   9.7853779719742226E-02   6.6670063119128889E-02
         3         34   1.7484149732491528E-16   1.2385991281901930E-02   2.4265136287106833E-03   2.1116509132986534E-03
         3         35   6.7666130362189372E-05   2.0145884704198544E-03   4.6402406984046729E-04   3.7677048989212715E-04
         3         36   6.4781444242740583E-08   5.9861588983184508E-04   1.9127136933743137E-04   1.6679287739558121E-04
         3         37   1.3395487735102911E-04   2.3738163159485741E-03   7.8516034775727135E-04   6.0933132362726741E-04
         3         38   4.3721518720182904E-04   1.0412571416020781E-02   2.9624491415584544E-03   2.7610498088881945E-03
         3         39   4.0676022983442870E-06   3.7173268374176755E-03   9.2281235585331433E-04   9.3260653562366293E-04
         3         40   2.0048203842614928E-07   1.4905535407304024E-03   3.7502432036143140E-04   3.4723710217390017E-04
         3         41   5.3032839030381341E-04   4.1317013556164241E-03   1.5447629889819919E-03   1.0358782934008896E-03
         3         42   0.0000000000000000E+00   2.0473988673487314E-04   3.0866526954639448E-05   4.9871420185313028E-05
         3         43   1.0675221127603909E-08   3.3966828390036952E-04   4.7016114626541452E-05   8.0455569975188318E-05
         3         44   2.3681322087537295E-06   5.9029089677542295E-04   1.4667427674027928E-04   1.4988419630419754E-04
         3         45   7.4234999652116747E-09   3.2813863137034913E-04   1.2350561265900891E-04   1.0106937007083001E-04
         3         46   7.8902063772788500E-06   4.5030087067628443E-04   1.2300196326142619E-04   1.1060638940354134E-04
         3         47   1.5445827670918350E-03   2.2292725276490715E-02   7.3702798860869612E-03   5.4684946569960799E-03
         3         48   4.6524326747603316E-05   3.3525266600508935E-03   8.4916256712629307E-04   8.6390907272320923E-04
         3         49   9.5471003746265917E-07   1.7412922152032727E-03   4.0709990677398198E-04   3.2422960258262241E-04
         3         50   3.1018938302072516E-04   4.6726966722526022E-03   1.3813851606427738E-03   1.0206415104006318E-03
         3         51   8.4039491746960957E-04   2.7542903916596015E-02   9.3788768667215517E-03   7.8500018629539207E-03
         3         52   3.0583679326551782E-06   4.2581453517659745E-03   9.3936757538724369E-04   8.4799553567420762E-04
         3         53   7.0764028200633999E-04   1.0156092671144363E-02   3.3844959493729738E-03   2.6566079468226481E-03
         3         54   0.0000000000000000E+00   4.5672315485040905E-04   8.0705441678505978E-05   1.1231464212184255E-04
         3         55   4.6440688433430928E-07   1.0402185943750389E-03   1.3934730524769773E-04   2.2913469382555252E-04
         3         56   5.9561918675627069E-06   1.3705872055216051E-03   3.7297333884520550E-04   3.9694459262759759E-04
         3         57   5.5491605562337128E-08   9.0044148081341023E-04   1.9962871146907515E-04   2.2070736494200199E-04
         3         58   3.9015140542939027E-07   9.1077963622176908E-04   2.2686418298623694E-04   2.4076502036998848E-04
         3         59   1.5250201476904471E-07   2.8391605569585472E-04   4.0280913290304556E-05   5.2586201447629351E-05
         3         60   3.6098721632178796E-09   1.7262983976527074E-04   3.3280652501482668E-05   3.1729978083137411E-05
         3         61   8.3092373365777561E-12   1.1046907903168896E-04   1.3291682682342526E-05   1.7767672054457333E-05
         3         62   1.1937839819981130E-05   6.3235047877811584E-04   1.1940495439049008E-04   1.2135293395464484E-04
         3         63   5.6728773068296403E-11   1.9741821220392079E-04   2.1025251418700183E-05   2.6723299381842520E-05
         3         64   2.0270217549908344E-09   1.4086225417715790E-04   3.2074233656139601E-05   3.8752345709835261E-05
         3         65   1.1889074603788815E-04   1.9171446827228736E-03   4.7515066120243078E-04   3.4652726080890438E-04
         3         66   8.0721216787582541E-04   8.7479731495423742E-03   3.1927600564985313E-03   2.0245309997286884E-03
         3         67   1.4249802437190525E-04   1.4020544876922555E-03   4.3885911411655203E-04   3.1599593224408354E-04
         3         68   6.0558493108285908E-04   9.7671851568719298E-03   3.8773713962156325E-03   2.6704985527167390E-03
         3         69   2.3444445755651988E-06   1.7969918872158641E-03   3.3097036222030267E-04   3.2831467838856544E-04
         3         70   2.4656697781857528E-04   3.8847546378107515E-03   1.2824997884088481E-03   9.2154034833913704E-04
         3         71   0.0000000000000000E+00   2.0715588683379110E-04   3.5387843500949764E-05   5.5337012927451111E-05
         3         72   4.1452290386736780E-07   3.7530660635452372E-04   5.6704502116510410E-05   7.6787264144187245E-05
         3         73   1.1170360216362263E-06   6.6031835250800858E-04   1.7446029548908012E-04   1.6953491479887925E-04
         3         74   2.6645603558204140E-08   3.7308033249641769E-04   6.6201857711907288E-05   8.5278624120154205E-05
         3         75   6.9324336997268988E-11   2.8732789341944583E-04   5.9915811523148761E-05   6.8041565301490969E-05
         3         76   3.9841491524566058E-05   8.7580060475064871E-03   1.8802640759961423E-03   2.0747693592940456E-03
         3         77   1.2952843783339317E-03   3.6283822727575382E-02   8.8818680380846789E-03   6.1904776769323329E-03
         3         78   2.8106647254245327E-07   4.5697900425527389E-03   9.8860878188955720E-04   1.0158228897332194E-03
         3         79   4.6577538143741472E-10   5.4411806648379211E-03   1.4893619028256784E-03   1.9000344435509521E-03
         3         80   3.0538170942956405E-04   1.4452674537426265E-02   4.1050004088833197E-03   4.0297150872239838E-03
         3         81   8.7472066290235347E-07   1.7866345618670888E-02   4.3912528099713851E-03   3.8395580160819152E-03
         3         82   2.3677180777176934E-03   1.9797578767044601E-02   7.3051447646618594E-03   3.9427532379790074E-03
         3         83   0.0000000000000000E+00   1.1445299233336940E-03   1.0382747790567516E-04   2.0248924931173489E-04
         3         84   4.4433428993668531E-10   1.5286628058502766E-03   1.4618358157207769E-04   3.0665958714026282E-04
         3         85   2.2788927399760147E-07   3.5958015155231429E-03   5.5755242681763051E-04   6.6504022592149233E-04
         3         86   2.8179734121722136E-11   2.6717963566775331E-03   7.2579012315978871E-04   8.3660276443543529E-04
         3         87   6.3692112546395746E-06   3.4760758760034476E-03   8.1819380082122253E-04   7.3024294887866019E-04
         3         88   9.6858610961729173E-03   7.6640104607497650E-02   2.3933404073759532E-02   1.5537919085500484E-02
         3         89   1.6178332607537276E-05   1.3258214055012851E-02   2.3841026828626253E-03   2.8845417429269140E-03
         3         90   3.4121679397028238E-08   9.3936615332168398E-03   2.6116731937809467E-03   2.4768329670149490E-03
         3         91   1.7594853317357554E-04   2.2914850448966368E-02   5.7557796294502696E-03   4.8846861803046211E-03
         3         92   3.8460581237065496E-03   1.3721812513197867E-01   4.0386101439371082E-02   3.1768319908145257E-02
         3         93   3.3382149141276796E-05   5.0431849080890316E-02   1.0714900902304567E-02   1.0059540938503758E-02
         3         94   2.6070868476439748E-03   4.1816970581804336E-02   1.3211530148138454E-02   8.9809196896864941E-03
         3         95   1.9329988646212713E-08   4.0850406014629219E-03   4.1737564862401609E-04   8.4112351505573172E-04
         3         96   5.7317418152241309E-07   9.1148683070351299E-03   1.5714156863972195E-03   1.8808814110038046E-03
         3         97   1.7330346842860154E-10   3.4401646739893191E-03   6.7587405264297356E-04   7.6763987436035612E-04
         3         98   5.8410428504671794E-11   6.2576316710558956E-04   1.7682588315905026E-04   2.2214063019351701E-04
         3         99   4.0732788962997435E-14   7.3330442350882864E-04   1.2547114564637489E-04   1.8068290978292195E-04
         3        100   3.4718002292739328E-06   2.4167621543195357E-03   8.4159040140394364E-04   7.6829517985694878E-04
         3        101   3.4394399523642695E-05   2.6968957325174806E-03   5.8946383730479378E-04   6.4127301062907253E-04
         3        102   2.2397292886980801E-10   9.5072186788678801E-04   2.2963349872910256E-04   1.7019530411337754E-04
         3        103   2.6867330670549242E-13   7.4405479175979864E-04   1.2332130459236941E-04   1.5209596577718477E-04
         3        104   7.7846626824762725E-04   2.4012692669738499E-03   1.2468201056327530E-03   2.4976187445695415E-04
         3        105   0.0000000000000000E+00   1.8546001695377348E-04   6.3350421395888751E-06   2.0843325084795624E-05
         3        106   2.8901589679812234E-10   5.3993432302433487E-04   1.1093865981355672E-04   1.4204007883269478E-04
         3        107   1.3319099521342214E-14   8.0351586162524596E-04   2.1769427336774000E-04   2.9982404358043187E-04
         3        108   6.1425007966833355E-09   5.8993226278522039E-04   1.5763018482245210E-04   2.0640063287864340E-04
         3        109   1.9787068662026312E-04   8.4458222125379304E-03   2.1331652960945436E-03   2.0678888240164661E-03
         3        110   4.5072407890581739E-03   3.0229545543634741E-02   1.1070662693876836E-02   5.9229354614051743E-03
         3        111   1.4815222742513320E-05   5.7782544190000023E-03   9.5210100033247809E-04   1.1478959957505633E-03
         3        112   3.2659591538594007E-08   3.8047300470648937E-03   8.9355600387169755E-04   7.0875170218959052E-04
         3        113   2.3629229994960037E-03   5.0556732738506541E-02   1.7925577028933590E-02   1.1868257895465587E-02
         3        114   2.9536792060074517E-05   1.7364160501656255E-02   3.6849592191888891E-03   3.5099180358908115E-03
         3        115   0.0000000000000000E+00   1.1569731422233938E-03   1.1821964884750840E-04   2.2760633899670510E-04
         3        116   1.7253669778898630E-08   1.3121442449164299E-03   1.5423062008760119E-04   3.0218936371616885E-04
         3        117   1.0749422142010201E-07   3.2407563001302028E-03   7.2429293095732704E-04   7.4545499666365839E-04
         3        118   9.1386341084294042E-11   1.0871438203354259E-03   1.3742888138162731E-04   2.1661802465509707E-04
         3        119   1.5620867883262844E-13   1.3589186510829035E-03   2.6194760092835564E-04   3.1514939092243789E-04
         4          1   9.1792790546854838E-02   2.3119990195710460E-01   1.3881025824336091E-01   3.4995933372548770E-02
         4          2   5.7044909890000460E-02   1.3223161118081966E-01   8.1495911545514832E-02   2.1104517025457709E-02
         4          3   2.5861446567717550E-01   5.4659273109402451E-01   3.4479934315020400E-01   6.5596514480608423E-02
         4          4   4.7374226953618086E-02   2.2508286189404289E-01   1.0266856953844854E-01   4.8598464175848892E-02
         4          5   0.0000000000000000E+00   1.6929412650351868E-03   1.7761667992348306E-05   8.6205860692878749E-05
         4          6   1.1185609198966071E-01   2.7378306484585424E-01   1.5664293187615450E-01   4.5442512062650674E-02
         4          7   3.5599860709635001E-01   8.6803267592083089E-01   5.4752367956702841E-01   8.8985822734748046E-02
         4          8   5.5517008490390041E-01   1.4019638608015184E+00   7.1229238739976675E-01   1.8369652763676478E-01
         4          9   4.8179583372342537E-02   3.2078393522642779E-01   1.0591701975457145E-01   6.3745758642964362E-02
         4         10   9.4497331059778991E-02   3.2903956180590865E-01   1.5297609946920532E-01   6.2295026398541190E-02
         4         11   3.9804965779657825E-01   9.6695773530374507E-01   5.6535216539659106E-01   7.6113066216788219E-02
         4         12   6.0844821508230607E-01   1.1315824383530741E+00   7.3829450686967069E-01   6.4643863069109062E-02
         4         13   1.2076784870960387E-02   1.9199318035075857E-01   4.0190662391618906E-02   3.4392472177243533E-02
         4         14   1.9626864802666394E-01   5.8101948140945237E-01   3.8111113564550475E-01   4.8524426824636459E-02
         4         15   2.9257220427547975E-01   4.9515757838230645E-01   3.7831633428197803E-01   2.8033487009988492E-02
         4         16   1.8338599117983090E-01   2.5753826526950951E-01   2.2204353537606067E-01   8.7343725492354495E-03
         4         17   2.5591163875227149E-05   3.3699625977628253E-02   9.9507404348908981E-04   2.7622600171026933E-03
         4         18   4.6885672916153797E-03   1.2781338713142795E-01   4.9337781428358686E-02   1.9247441391152035E-02
         4         19   1.4362150183031674E-01   2.1196143860523600E-01   1.7457292485378348E-01   1.0102309944135144E-02
         4         20   2.0871230055383536E-02   1.0955515708286140E-01   5.0845158276373092E-02   1.0911265795064618E-02
         4         21   5.1599314927254295E-07   2.9963522905224541E-03   1.9472972070293652E-04   2.2747486548400681E-04
         4         22   2.9404502228353809E-05   2.2785888098616003E-03   3.0565134062835326E-04   1.8102127871042866E-04
         4         23   4.0377943220685890E-04   2.1156355137526648E-03   7.6936254036623786E-04   3.9873141461717110E-04
         4         24   1.9333247526220066E-04   1.5062308058106644E-03   4.8579610267188774E-04   3.2010991808397691E-04
         4         25   7.7339749442548048E-04   2.0523986349083125E-03   1.1756071821737804E-03   3.6970978009021488E-04
         4         26   9.1352447773289998E-04   7.9547876042370212E-03   2.4017053293571879E-03   2.0123802084580050E-03
         4         27   3.0172801426715822E-04   2.5764871308748653E-03   9.6784012279472879E-04   7.1286704648076016E-04
         4         28   5.8574592597984015E-04   3.1655754652228367E-03   1.3764106803645416E-03   8.6789132291912555E-04
         4         29   1.0483764977935617E-05   3.8071067448480295E-04   8.6931127217536959E-05   1.0890405411698200E-04
         4         30   2.1326834922259512E-05   4.2243140412964237E-04   1.1420902974827178E-04   1.2089686512020834E-04
         4         31   1.3538437039081440E-03   4.3008637732709952E-03   2.0203994729197671E-03   7.1469281945020187E-04
         4         32   3.3154082476977596E-03   1.9299265563666883E-02   6.9141604667872069E-03   4.7080481544953647E-03
         4         33   6.8223494144593628E-04   3.4137372064392177E-03   1.3093177256623500E-03   6.1479279015821335E-04
         4         34   9.8412200667393683E-04   8.1071114817238017E-03   2.9753355644513029E-03   2.1223093751207805E-03
         4         35   4.4874000763917141E-06   8.9492761066410804E-04   1.9261400259382185E-04   2.8190673972728350E-04
         4         36   2.7329865724161568E-04   1.8975778142961749E-03   7.4405980531705700E-04   5.3846679164493442E-04
         4         37   1.9422469179105462E-04   1.1557466531429061E-03   4.5421857942880121E-04   3.1069719725957079E-04
         4         38   1.3153803238098082E-04   4.0786718601995597E-04   2.0898441309124744E-04   3.7682504694627530E-05
         4         39   1.8233395501049754E-04   8.3781238764973887E-04   3.3851596322086186E-04   9.3052186267180272E-05
         4         40   7.5839802123792772E-06   1.3612412143507296E-04   2.5228533906439845E-05   2.0520397759511573E-05
         4         41   7.2197328372189149E-06   1.5727575411143469E-04   3.0793432904330772E-05   2.5906783498341386E-05
         4         42   4.7829552369124350E-05   5.1704528670564712E-04   1.0833502396703998E-04   5.2794572569237387E-05
         4         43   5.2337645892917765E-06   1.3164041568993859E-04   2.3017023656097839E-05   1.7316053540720033E-05
         4         44   2.1810785877413250E-06   1.5758499178123030E-04   1.9373327367150165E-05   2.5086916015514631E-05
         4         45   1.3531286230341571E-03   6.8839991437197505E-03   2.7509383383316488E-03   1.5674666173503672E-03
         4         46   2.6884488574488159E-04   1.0030768535556841E-03   4.8164610460729561E-04   1.5181446652920663E-04
         4         47   4.8253321058174838E-04   1.4132614542216426E-03   8.4124358010289517E-04   2.3104477844700626E-04
         4         48   1.0419369521682148E-03   8.2006663004907509E-03   2.9573891931302249E-03   2.2962045769547128E-03
         4         49   4.4731331605119728E-04   3.0629627427188875E-03   1.1951531071441094E-03   7.6889208140463777E-04
         4         50   0.0000000000000000E+00   1.8159535346209615E-04   3.9373786297268645E-06   1.3868591729416402E-05
         4         51   8.9441311307814585E-04   3.3493109794665472E-03   1.7630597577608887E-03   8.6559573185140731E-04
         4         52   1.1688197759618455E-04   4.1307674738230357E-04   1.8905567077600089E-04   8.6126481849685052E-05
         4         53   1.7700884414046023E-03   1.0959147731664502E-02   4.1560528016499803E-03   1.5817999898538584E-03
         4         54   1.7508985829551443E-03   7.2059322474220325E-03   3.1751447646921607E-03   1.2100863977830523E-03
         4         55   2.4271984829154431E-03   8.1279632120497027E-03   3.9736618193569901E-03   1.2308573683123499E-03
         4         56   5.7078404235421428E-03   3.6052391488129353E-02   1.0490896193712910E-02   6.3008682493105247E-03
         4         57   1.9994319311377761E-03   1.1366467359063086E-02   4.2152910178019712E-03   2.4471708719710100E-03
         4         58   2.1696577736701498E-03   1.1984255824725914E-02   4.6923196314677179E-03   2.5774184402788114E-03
         4         59   2.4577880540016734E-06   1.8043187078661533E-03   2.4336614656982530E-04   4.5989292426854120E-04
         4         60   2.0955665221576090E-04   2.8115987270127094E-03   7.0057309526487998E-04   7.0778170861005745E-04
         4         61   5.4381860211258846E-05   1.3311559781783240E-03   2.7936526441324554E-04   2.9484679098962957E-04
         4         62   8.8196156064344975E-03   2.8452697008920749E-02   1.5962665573749323E-02   3.3260823423723208E-03
         4         63   6.4506640977977413E-03   1.7635754863912865E-02   9.1279605251277044E-03   2.3761155612193391E-03
         4         64   5.5792822065972841E-03   1.6897007045966493E-02   9.2952600515074941E-03   2.5749886009280363E-03
         4         65   1.6624684263867359E-02   9.8340181789589420E-02   3.0627859496526549E-02   1.9027744735780682E-02
         4         66   1.0363280213749635E-02   3.7354890296964538E-02   1.7466803726203729E-02   7.2501129765223399E-03
         4         67   1.0119774343677723E-06   5.0811427817815903E-03   6.0197269872431603E-04   1.1572763306360798E-03
         4         68   1.9314228373688799E-03   9.5352978909355908E-03   3.5044194321434121E-03   2.1348491668994793E-03
         4         69   4.4311709169982100E-04   1.6028327918783075E-03   8.6137058574450528E-04   1.3347780226459832E-04
         4         70   7.5362225754719084E-04   2.9648419015170747E-03   1.3223159813130182E-03   2.6549788383651603E-04
         4         71   6.5987633295045694E-05   4.6192974659241401E-04   1.5356220099343616E-04   5.2211147065463593E-05
         4         72   2.0360122547713708E-05   3.8677788361853797E-04   7.1632667484585664E-05   5.8161074510399669E-05
         4         73   1.8143249557751507E-04   1.4392975874622451E-03   3.7747530375196867E-04   1.2379271379990491E-04
         4         74   2.1704895457999272E-05   4.2793670795053995E-04   6.7125583993874193E-05   4.7144452734541596E-05
         4         75   5.1641297534988745E-06   5.2654761520530221E-04   5.1322484005521779E-05   7.3122605390090674E-05
         4         76   4.1063875129797423E-07   2.0322083266373912E-04   1.1420548847074079E-05   1.9807654509518471E-05
         4         77   1.2986646890397128E-07   3.4062392806217607E-04   2.1457026039659420E-05   4.6175536396386974E-05
         4         78   5.6983981585382263E-03   1.1960496838791424E-02   8.2757043579167033E-03   9.5592321137536222E-04
         4         79   1.0614009445371862E-02   3.5267312029394121E-02   1.5717941204705033E-02   5.5253805806192661E-03
         4         80   2.4449499241461481E-03   6.0510781673229815E-03   3.6867987457991627E-03   5.5383540540869677E-04
         4         81   1.3788208586567078E-03   4.6818305078732692E-03   2.5134615907091164E-03   6.7248185543263342E-04
         4         82   6.4181347466213323E-03   3.6664918512974230E-02   1.2344567069471043E-02   7.2234971168543350E-03
         4         83   2.3237898289938017E-03   1.0724653028449976E-02   4.7072570602074157E-03   1.9222291291714775E-03
         4         84   4.9890472479583361E-03   1.4378980837072902E-02   7.4629998503194690E-03   2.4747143820397608E-03
         4         85   1.2318994524466434E-03   4.3608517784837746E-03   1.9020266851958296E-03   9.1227298486705791E-04
         5          1   5.3508038832900236E-02   3.1196907667009821E-01   1.5737514331787006E-01   6.6170579211372024E-02
         5          2   9.8784699978446508E-02   5.9817502058020977E-01   3.1238332543873110E-01   1.4143261108824448E-01
         5          3   1.0789020686970455E-03   1.0786355797000227E-01   3.4401597399210324E-02   2.6707139648191745E-02
         5          4   0.0000000000000000E+00   5.5660170662900584E-02   2.0373977886378725E-02   1.2422412281948902E-02
         5          5   7.3985623445142271E-03   9.6771841984886309E-02   3.9683527710714053E-02   2.5168741932800852E-02
         5          6   8.4290830239976008E-02   5.9748093907055688E-01   3.0209669493370217E-01   1.2872179932906933E-01
         5          7   2.4337559555675709E-01   1.2231980801467559E+00   6.2326163434640214E-01   2.6927393178666842E-01
         5          8   3.5983867754508778E-03   1.8820710772327229E-01   6.3555500430959089E-02   5.0243234096593495E-02
         5          9   0.0000000000000000E+00   1.4439878834129230E-01   3.9160732969038631E-02   3.2098583946994060E-02
         5         10   3.1755488453252302E-02   2.1729714505201583E-01   9.1009202387530463E-02   5.1013529360744783E-02
         5         11   4.3161733941729952E-02   6.8712965994063402E-01   3.3281866106123731E-01   1.4256060886180694E-01
         5         12   3.4335140851924140E-01   1.6015975536460030E+00   7.5592070313019155E-01   3.0603964126749628E-01
         5         13   1.4320796609481951E-02   3.5639323764351732E-01   1.0715839644702897E-01   7.0336506383324143E-02
         5         14   0.0000000000000000E+00   1.5176444193443275E-01   3.8244024867301316E-02   4.8224068067536083E-02
         5         15   1.5643143006302037E-02   3.6784600627040642E-01   1.1713770950905075E-01   7.7028678288466379E-02
         5         16   1.6641229278490787E-03   6.7472230709396086E-01   2.0490301188478530E-01   1.2586461714784983E-01
         5         17   2.0408371175469653E-01   1.4293034060304630E+00   6.4453992651328440E-01   3.0547778741277132E-01
         5         18   6.2086534587149744E-02   3.7252588145918769E-01   1.6390750173572249E-01   5.7816111987650985E-02
         5         19   0.0000000000000000E+00   1.6276044025388978E-01   1.0047665597904728E-02   1.9795065989835187E-02
         5         20   1.4313642081405375E-04   2.8128323924882370E-01   8.1282693899696903E-02   7.3957116034659640E-02
         5         21   3.0738660751332036E-07   2.7673757797190085E-01   6.6359062813670280E-02   6.4075593743777096E-02
         5         22   1.6099534191107465E-01   8.1911407340430997E-01   4.6734632220350014E-01   2.0195130604411796E-01
         5         23   6.7144262235543555E-03   3.2094332995305447E-01   1.3479238064934604E-01   8.9852043676504845E-02
         5         24   0.0000000000000000E+00   3.3655070729369248E-02   2.4876851087227175E-04   1.4286078095801312E-03
         5         25   1.5429191432109718E-09   5.1684160905222980E-02   9.9590125104050426E-03   1.0593201750048596E-02
         5         26   2.7304186288430161E-15   4.4730530461704263E-02   2.8388182059472353E-03   4.3461260334358119E-03
         5         27   1.2670665973924933E-02   6.0501770251776554E-01   3.5764568013873566E-01   2.1944674419447752E-01
         5         28   2.8652760471408730E-06   5.7414504884015305E-01   1.4507868795258788E-01   2.4634824829214599E-01
         5         29   0.0000000000000000E+00   1.5150123083742471E-04   1.9396748108426758E-07   2.7917398796384068E-06
         5         30   6.8989359926197609E-20   4.5644716362716262E-04   2.2893934953976756E-05   3.3814688258640576E-05
         5         31   3.5076478473969723E-06   2.6657577537749333E-01   9.4042426017625622E-02   6.8131181623125744E-02
         5         32   1.2717526093713605E-13   3.6179267677782678E-01   7.0080465428655828E-02   1.2209790127256601E-01
         5         33   6.4453965544003887E-14   6.0646714944582502E-03   8.3425475104830958E-04   7.9169192053610087E-04
         5         34   2.0939209529000111E-05   1.6536061320655867E-03   4.0723940988813141E-04   3.2370831792900417E-04
         5         35   4.1005269895910939E-04   9.5693696037375698E-03   2.7083624723586133E-03   2.0868548645397258E-03
         5         36   5.6868794722389491E-05   1.6250019542503125E-03   4.3327635691792525E-04   3.6753924470291121E-04
         5         37   0.0000000000000000E+00   8.0462125595633137E-04   1.8712614285312801E-04   1.7184526389895611E-04
         5         38   3.7123235679810260E-04   1.0277643434128398E-02   2.9979693080567178E-03   2.6507268655911334E-03
         5         39   3.9175609755932178E-05   3.5090911956056994E-03   9.7639681363132543E-04   9.2991468084378120E-04
         5         40   0.0000000000000000E+00   2.2160751840689420E-03   3.5128487276312267E-04   4.5404363226686284E-04
         5         41   2.4383584682466074E-04   4.2495339019061563E-03   1.0410062286036418E-03   9.7507589705971996E-04
         5         42   0.0000000000000000E+00   2.8398927463140497E-04   5.2546187747581108E-05   7.5206125014083041E-05
         5         43   0.0000000000000000E+00   3.7022492794630703E-04   5.0193305383579249E-05   7.8012190891420534E-05
         5         44   7.6969382148467431E-07   5.8804458628230203E-04   1.2104136351623803E-04   1.4063590601496979E-04
         5         45   0.0000000000000000E+00   3.1134348714876415E-04   8.2870298235018561E-05   8.4685915519078510E-05
         5         46   0.0000000000000000E+00   3.5256019453288971E-04   4.6329213162747202E-05   6.9964338075669561E-05
         5         47   1.0640951522966766E-04   4.7552414409556083E-03   1.6163655220304907E-03   1.1125256000033298E-03
         5         48   2.1172080565428405E-03   2.2840598105932756E-02   8.3461799259114591E-03   5.2910380902164017E-03
         5         49   1.5263295665831947E-04   3.7929778253539652E-03   1.1916327743821077E-03   9.1031898509067810E-04
         5         50   0.0000000000000000E+00   2.7936305937797338E-03   8.0916381374103636E-04   6.5539009763617621E-04
         5         51   5.1764848446211442E-05   4.4101943794928851E-03   1.2199955612237760E-03   1.0776568905799158E-03
         5         52   1.5997720772258251E-03   2.6996995221849091E-02   9.6440300832392259E-03   7.0837015622762017E-03
         5         53   4.4146477856241465E-04   8.5418000414673803E-03   2.7205473901348977E-03   2.3775357901536960E-03
         5         54   6.0901779555870734E-04   9.7222957292134350E-03   2.8673323372102625E-03   2.5334957902585480E-03
         5         55   0.0000000000000000E+00   6.2061918755660478E-04   1.4232166809697547E-04   1.7078339195992083E-04
         5         56   0.0000000000000000E+00   8.2545706218623287E-04   1.9215743771248346E-04   2.0356844697933416E-04
         5         57   8.5275005321128371E-05   1.4064445303227369E-03   4.0375785585525681E-04   3.7797353493697160E-04
         5         58   0.0000000000000000E+00   8.3285986554034353E-04   2.0134350635351840E-04   1.9729525910375473E-04
         5         59   0.0000000000000000E+00   6.8840135304057447E-04   1.3271126338860827E-04   1.7083298721548551E-04
         5         60   1.6500238720911480E-08   9.2361228029818259E-05   1.3279502633905701E-05   1.3986957986885425E-05
         5         61   1.4032212005015907E-06   1.0755708839240413E-03   1.3219257020374736E-04   1.5751031992539390E-04
         5         62   2.0320268819554016E-08   1.4973327344036325E-04   3.6529080089583161E-05   3.2424069680619781E-05
         5         63   9.5963727803388000E-08   1.4907584832412796E-04   3.5370374366912418E-05   3.9148477468554086E-05
         5         64   3.0212577336584823E-07   1.0950614247728053E-03   1.8468577307393280E-04   2.1835921298025927E-04
         5         65   6.0412291561904826E-10   4.9548263991639190E-04   1.0129546510158840E-04   1.2026630948546126E-04
         5         66   1.2338042640722521E-06   2.7613713103437983E-04   5.7159242187389256E-05   6.3181932935219221E-05
         5         67   4.8540787086471079E-05   1.9709508696058192E-03   7.7881970367820299E-04   5.1168241992107562E-04
         5         68   1.1533740263927372E-03   8.3087512816362851E-03   3.3733957062004115E-03   1.8100634171292779E-03
         5         69   4.2391897468097947E-05   1.4532330578386431E-03   4.8410965599370032E-04   3.4621663982704095E-04
         5         70   0.0000000000000000E+00   1.2150126566334639E-03   3.6249378686166147E-04   2.8078779775212505E-04
         5         71   4.1925443828954336E-06   1.4361192019240016E-03   3.9018636153817705E-04   3.4450284640720355E-04
         5         72   7.3012540131365189E-04   1.0422871384877803E-02   4.3120365758764993E-03   2.6764863515428713E-03
         5         73   2.7779781491210680E-04   3.5643157722328612E-03   1.1393242922097008E-03   8.4307704642554832E-04
         5         74   0.0000000000000000E+00   2.0899647712192206E-03   4.5825166535933736E-04   3.6508099092535777E-04
         5         75   1.7375574426693670E-04   2.8862048372160442E-03   1.0272196330779635E-03   8.2183329884600925E-04
         5         76   0.0000000000000000E+00   2.6481080500814438E-04   6.0065366168964102E-05   6.4999872015504177E-05
         5         77   0.0000000000000000E+00   3.1774665440982683E-04   9.2980096511817534E-05   7.7619606294187764E-05
         5         78   2.7307397357100709E-05   5.6078094501296836E-04   1.8097659829832704E-04   1.4979617523441438E-04
         5         79   0.0000000000000000E+00   2.7579552351289521E-04   5.5988700243474018E-05   6.2659892487357331E-05
         5         80   0.0000000000000000E+00   2.6483745887406247E-04   4.0657650401397176E-05   5.6054122010850766E-05
         5         81   5.3602241500739177E-06   5.5046327456110397E-03   1.3171825724492020E-03   1.1246611640887819E-03
         5         82   8.7524344128257802E-04   3.6706524349736369E-02   9.7652932625488641E-03   6.6604926638997065E-03
         5         83   1.0543198649207823E-04   6.3213174981272624E-03   1.7422908016268674E-03   1.2037759393251496E-03
         5         84   0.0000000000000000E+00   2.7636690776901137E-03   5.4464818342040192E-04   5.5826157922468840E-04
         5         85   2.8475074121994742E-06   7.7168647842598146E-03   1.6150483057263069E-03   1.5665036589568580E-03
         5         86   1.7240385381808050E-03   4.4660903587086680E-02   1.1721604092851220E-02   9.5604527264924032E-03
         5         87   2.9950091709482658E-04   1.6537871190662825E-02   3.9596362757769203E-03   3.3494700918224917E-03
         5         88   4.0642198249236233E-04   1.9278098454898633E-02   3.6756202914208966E-03   3.4787150763410202E-03
         5         89   0.0000000000000000E+00   2.4306660274324822E-03   2.4184941048120172E-04   4.0509617351275286E-04
         5         90   1.0230505128113136E-06   3.7014796659616488E-03   6.8148772771386306E-04   7.2387270871653129E-04
         5         91   0.0000000000000000E+00   1.2768831612834505E-03   2.2937661735897557E-04   2.5767491187816792E-04
         5         92   0.0000000000000000E+00   1.4218309130622456E-03   1.8057057741644917E-04   3.0223351495236911E-04
         5         93   3.1490168962143815E-05   2.3257356554391404E-02   6.5850759081805448E-03   5.7674054360521152E-03
         5         94   5.1073057362869137E-03   9.3850504112350353E-02   3.3210765737600186E-02   1.8563745645584655E-02
         5         95   5.2404271385968963E-04   1.6875412464465264E-02   5.6532942271233302E-03   3.8597901352159405E-03
         5         96   0.0000000000000000E+00   1.1420206698418867E-02   2.7725822842957202E-03   2.6566411675034221E-03
         5         97   9.5445797126065122E-06   1.8198436928898207E-02   3.7971333968635558E-03   3.5986764694563825E-03
         5         98   1.0275508336970973E-02   1.1094242450849916E-01   4.0334188460764524E-02   2.5037898682661305E-02
         5         99   4.4195023929923076E-03   3.9872536192826401E-02   1.1427869908823333E-02   8.1082362691397170E-03
         5        100   0.0000000000000000E+00   5.6383172361525076E-03   5.5651363197436901E-04   8.8221425843235091E-04
         5        101   0.0000000000000000E+00   4.2821273891958129E-03   8.8745357014142308E-04   9.5320638888908126E-04
         5        102   3.6729190836048270E-04   1.0131010977497672E-02   2.5707938829510973E-03   2.1506815883230853E-03
         5        103   0.0000000000000000E+00   3.2874230617549014E-03   5.3471724503764099E-04   5.6738376107921893E-04
         5        104   0.0000000000000000E+00   3.2640391249018725E-03   5.2274669875017170E-04   7.9297455326402216E-04
         5        105   2.0568873815866501E-09   1.2453569157065106E-04   1.1716395977475465E-05   1.2703528930608331E-05
         5        106   2.0803043881831337E-06   3.7445520020336137E-03   4.5075362015112525E-04   5.0439403957756022E-04
         5        107   4.1624231635623476E-08   6.6824638090120614E-04   1.2856088592343900E-04   1.4635718951206040E-04
         5        108   3.3123458605381217E-09   4.3291535922515155E-04   8.9724296396033107E-05   9.2763280319355232E-05
         5        109   6.5866253229474795E-07   3.2499407982849345E-03   5.7339707999779432E-04   6.3808648764761083E-04
         5        110   1.0773661071701200E-09   1.8407605141047521E-03   3.4040174830456561E-04   4.2586339355446756E-04
         5        111   0.0000000000000000E+00   3.4582421639124992E-04   1.5616351021853888E-05   3.7671596129448328E-05
         5        112   1.0741959379523306E-06   7.5292773045495794E-04   1.2572368763372503E-04   1.5339924583768796E-04
         5        113   0.0000000000000000E+00   1.5105778844139538E-04   6.9388712830302686E-06   1.2864256412121207E-05
         5        114   0.0000000000000000E+00   2.5461483533036739E-04   6.7207025853627082E-06   2.6989927134063836E-05
         5        115   9.5554265895088920E-16   1.9548785455321684E-04   9.5061771519089938E-06   1.9298180428309152E-05
         5        116   1.4971008426969290E-05   1.0976828304137749E-02   3.3732647588057981E-03   3.0449954688330197E-03
         5        117   3.4947829691768214E-05   6.2359608740046191E-03   2.5227945101041226E-03   1.6659208763765982E-03
         5        118   0.0000000000000000E+00   5.6101608802541754E-03   1.3247939813387870E-03   1.2681831370290678E-03
         5        119   6.2032099160942478E-07   6.2320859566048648E-03   1.2255400423744154E-03   1.2584681089878632E-03
         5        120   4.9942224465185456E-03   4.3936220646343151E-02   1.8589792424137490E-02   9.8322477297592033E-03
         5        121   2.3335774688166893E-03   1.3947295234016263E-02   4.9110333044123300E-03   2.7670157434517687E-03
         5        122   0.0000000000000000E+00   9.7253599092222767E-03   1.9363694735369133E-03   1.8466845900956669E-03
         5        123   1.1300150600455840E-03   1.3712417026430553E-02   3.9333146477831659E-03   3.0076982927724387E-03
         5        124   0.0000000000000000E+00   1.6629260171752186E-03   2.1369983845994281E-04   2.9788022911432651E-04
         5        125   0.0000000000000000E+00   1.9804089237892204E-03   5.2150749792185603E-04   4.7636444441914499E-04
         5        126   3.4368775243495963E-04   3.7971103276600517E-03   1.0782607505040211E-03   7.8910133053946912E-04
         5        127   0.0000000000000000E+00   1.0828771747857437E-03   1.3907135793103331E-04   1.7245498380134882E-04
         5        128   0.0000000000000000E+00   1.2132594760201486E-03   1.5183314933141915E-04   2.5787585993682311E-04
