################################################################################
# Neural network connection values (weights and biases).
################################################################################
# Col  Name       Description
################################################################################
# 1    connection Neural network connection value.
# 2    t          Connection type (a = weight, b = bias).
# 3    index      Index enumerating weights.
# 4    l_s        Starting point layer (end point layer for biases).
# 5    n_s        Starting point neuron in starting layer (end point neuron for biases).
# 6    l_e        End point layer.
# 7    n_e        End point neuron in end layer.
################################################################################
#                      1 2         3     4     5     6     7
#             connection t     index   l_s   n_s   l_e   n_e
############################################################
 -6.9641377232182977E+00 a         1     0     1     1     1
 -2.6067648511361785E+00 a         2     0     1     1     2
  8.4450120998231633E+00 a         3     0     1     1     3
  5.9867186050161276E+00 a         4     0     1     1     4
 -9.3964876376960191E+00 a         5     0     1     1     5
 -1.8415732391179169E+01 a         6     0     1     1     6
 -4.5793276076784863E+00 a         7     0     1     1     7
  1.7650943417024315E+01 a         8     0     1     1     8
  1.1971010611216861E+00 a         9     0     1     1     9
 -1.5995024157710846E+01 a        10     0     1     1    10
 -1.2939060317124051E+00 a        11     0     1     1    11
  7.4922650655540677E+00 a        12     0     1     1    12
  1.0551401365532332E+01 a        13     0     1     1    13
  5.8612263155037061E+00 a        14     0     1     1    14
  1.7188821356862423E+01 a        15     0     1     1    15
 -1.0896546680712325E+01 a        16     0     1     1    16
 -1.3360995604463792E+00 a        17     0     1     1    17
  6.5695362389154006E+00 a        18     0     1     1    18
 -3.5275403767022566E+00 a        19     0     1     1    19
 -1.1254295293953655E+01 a        20     0     1     1    20
  2.5488565812656647E+00 a        21     0     2     1     1
 -8.6053897202516296E+00 a        22     0     2     1     2
  1.8526208596367726E+00 a        23     0     2     1     3
  1.8903648598782072E+00 a        24     0     2     1     4
  7.1382058128246655E+00 a        25     0     2     1     5
 -8.9573516766589076E+00 a        26     0     2     1     6
  6.3824738055578569E+00 a        27     0     2     1     7
  1.8065357469478478E+01 a        28     0     2     1     8
 -2.2059409268816594E+00 a        29     0     2     1     9
 -1.1337015397008012E+00 a        30     0     2     1    10
  1.1328549565715495E+01 a        31     0     2     1    11
 -1.3350521686212209E+01 a        32     0     2     1    12
  7.3098141916568016E-01 a        33     0     2     1    13
  8.1623854928994906E+00 a        34     0     2     1    14
 -7.2398913139743595E+00 a        35     0     2     1    15
  5.8924952659912808E+00 a        36     0     2     1    16
  4.2943369453926881E+00 a        37     0     2     1    17
  2.7035520946669784E+00 a        38     0     2     1    18
  3.3609026206577929E-02 a        39     0     2     1    19
 -9.8469748964611892E+00 a        40     0     2     1    20
  1.6081007831070806E+01 a        41     0     3     1     1
 -8.5374817667817791E+00 a        42     0     3     1     2
 -3.2427489583353095E+00 a        43     0     3     1     3
 -1.2755487188194072E+01 a        44     0     3     1     4
 -7.8066687448357879E+00 a        45     0     3     1     5
  1.3881714700641695E+01 a        46     0     3     1     6
 -9.0453364455247787E+00 a        47     0     3     1     7
 -8.5495745131364753E+00 a        48     0     3     1     8
  1.2013947770471416E+00 a        49     0     3     1     9
  1.5403173331452715E+01 a        50     0     3     1    10
  2.6051770066800092E+01 a        51     0     3     1    11
  6.6320996625202311E-01 a        52     0     3     1    12
 -1.1959369536464189E+01 a        53     0     3     1    13
  6.9306912459435246E+00 a        54     0     3     1    14
 -1.1151972741478605E+01 a        55     0     3     1    15
 -8.9511314968660454E+00 a        56     0     3     1    16
 -1.5400769962014873E+01 a        57     0     3     1    17
  1.0528176973508256E+01 a        58     0     3     1    18
 -1.7878638563707880E+00 a        59     0     3     1    19
  1.9458435342345016E+01 a        60     0     3     1    20
 -5.6916427104479750E+00 a        61     0     4     1     1
  1.7849972492348325E+01 a        62     0     4     1     2
 -1.2465964134596771E+01 a        63     0     4     1     3
 -9.5126509389630289E+00 a        64     0     4     1     4
 -1.4563736907316120E+01 a        65     0     4     1     5
  9.6076314444214326E+00 a        66     0     4     1     6
 -5.1965819295068814E+00 a        67     0     4     1     7
 -1.4258193909614338E+01 a        68     0     4     1     8
 -4.5738513188268790E+00 a        69     0     4     1     9
 -7.2881637965091155E+00 a        70     0     4     1    10
 -1.3918078238326741E+01 a        71     0     4     1    11
  3.6538747479807077E+00 a        72     0     4     1    12
 -1.9127431246877173E+01 a        73     0     4     1    13
 -3.9034300879743173E+00 a        74     0     4     1    14
  1.9419452387913760E-01 a        75     0     4     1    15
  2.3374410951123830E+00 a        76     0     4     1    16
  1.5580883869859776E+00 a        77     0     4     1    17
 -7.1507961906979371E+00 a        78     0     4     1    18
  1.2226106851626639E+01 a        79     0     4     1    19
  9.5425256402143201E+00 a        80     0     4     1    20
 -7.7325664461026449E+00 a        81     0     5     1     1
  4.6087190309897369E-01 a        82     0     5     1     2
 -1.8052350325672908E+00 a        83     0     5     1     3
 -1.4152878188956208E+01 a        84     0     5     1     4
 -1.7920815955418770E+00 a        85     0     5     1     5
 -2.5981541107502713E+00 a        86     0     5     1     6
  1.2567636525637019E+01 a        87     0     5     1     7
 -7.0430435892404306E+00 a        88     0     5     1     8
  7.6972205025505467E+00 a        89     0     5     1     9
  5.2606045029942932E+00 a        90     0     5     1    10
 -5.9754098336262096E-01 a        91     0     5     1    11
  2.6704150390147108E+00 a        92     0     5     1    12
  4.3917488876005562E-01 a        93     0     5     1    13
 -1.6282587958992596E+00 a        94     0     5     1    14
  6.6057212601093411E+00 a        95     0     5     1    15
  2.3992034414602048E+00 a        96     0     5     1    16
 -2.6208362826744684E+00 a        97     0     5     1    17
  8.4787933503974156E+00 a        98     0     5     1    18
  4.5662745093298209E+00 a        99     0     5     1    19
  3.6462072622437924E+00 a       100     0     5     1    20
 -3.0098847571593640E-01 a       101     0     6     1     1
  4.9180168731619922E+00 a       102     0     6     1     2
  1.0274831418664288E+01 a       103     0     6     1     3
 -1.2868927154116500E+01 a       104     0     6     1     4
  9.2361600719721455E+00 a       105     0     6     1     5
 -9.9815041977270234E+00 a       106     0     6     1     6
  1.0697834651864317E+01 a       107     0     6     1     7
  7.2472367720010791E+00 a       108     0     6     1     8
 -1.7042309542681512E+01 a       109     0     6     1     9
  1.9232003340008736E+00 a       110     0     6     1    10
  2.9075370383789796E+00 a       111     0     6     1    11
 -4.1689900618522273E+00 a       112     0     6     1    12
  3.0999504833075382E+00 a       113     0     6     1    13
 -7.3817971119280523E+00 a       114     0     6     1    14
 -7.8128976687970573E+00 a       115     0     6     1    15
  2.4151513718596784E+00 a       116     0     6     1    16
  2.3487574918158444E+01 a       117     0     6     1    17
 -2.0864151998374247E+01 a       118     0     6     1    18
 -5.7886606311983861E+00 a       119     0     6     1    19
 -3.0558717562841000E+00 a       120     0     6     1    20
 -4.5103464202496291E+00 a       121     0     7     1     1
 -7.2867193333272544E+00 a       122     0     7     1     2
  2.9528433522381614E+00 a       123     0     7     1     3
 -7.6686762597828284E-01 a       124     0     7     1     4
 -4.5434757697738304E+00 a       125     0     7     1     5
 -8.0501307298784006E+00 a       126     0     7     1     6
  4.4421225560657431E+00 a       127     0     7     1     7
  5.0955686593388194E-01 a       128     0     7     1     8
  1.7832902599788550E+01 a       129     0     7     1     9
 -4.5869443977761476E-01 a       130     0     7     1    10
 -1.0778781153115637E-01 a       131     0     7     1    11
 -9.3082663145410240E+00 a       132     0     7     1    12
  7.1815384971026432E+00 a       133     0     7     1    13
 -3.0572950903852201E+00 a       134     0     7     1    14
  2.0078523295983954E+00 a       135     0     7     1    15
 -9.2702577206471410E+00 a       136     0     7     1    16
  2.7456275601018691E+00 a       137     0     7     1    17
  9.5227845921402086E+00 a       138     0     7     1    18
  6.6269054430845467E+00 a       139     0     7     1    19
  4.2581243843357841E+00 a       140     0     7     1    20
 -6.3337579929106393E+00 a       141     0     8     1     1
 -8.6947736056295479E+00 a       142     0     8     1     2
  4.9486258168355715E+00 a       143     0     8     1     3
  5.4546938900562747E+00 a       144     0     8     1     4
 -7.6653007050690745E+00 a       145     0     8     1     5
 -9.5517453863397517E+00 a       146     0     8     1     6
  1.7297477396284557E+00 a       147     0     8     1     7
  4.9337107957105619E+00 a       148     0     8     1     8
  2.0662855769812460E+01 a       149     0     8     1     9
  1.1691040162292534E+01 a       150     0     8     1    10
  6.7236275263484302E+00 a       151     0     8     1    11
 -4.2094502937024174E+00 a       152     0     8     1    12
  6.4495160814370092E+00 a       153     0     8     1    13
  5.4871459893080523E+00 a       154     0     8     1    14
 -6.6832686563107595E+00 a       155     0     8     1    15
 -1.5430151676973566E+01 a       156     0     8     1    16
  1.0199979557866317E+01 a       157     0     8     1    17
  7.7463819887420087E+00 a       158     0     8     1    18
  4.2820276526205026E-01 a       159     0     8     1    19
  7.7591696133222774E+00 a       160     0     8     1    20
 -5.6184292284603456E+00 a       161     0     9     1     1
 -9.4814062626875317E-01 a       162     0     9     1     2
  5.3052670994858504E-02 a       163     0     9     1     3
 -6.2445461385893741E-01 a       164     0     9     1     4
  8.4768818120810145E+00 a       165     0     9     1     5
 -7.0076925983792793E-01 a       166     0     9     1     6
  9.2535904712955048E+00 a       167     0     9     1     7
  5.7478998098475877E-02 a       168     0     9     1     8
  3.3572635841586438E+00 a       169     0     9     1     9
  8.8046637595384656E+00 a       170     0     9     1    10
 -4.0487076492360110E+00 a       171     0     9     1    11
 -3.1739007596682067E+00 a       172     0     9     1    12
 -1.2526422412369562E+00 a       173     0     9     1    13
  1.7345401517363024E+00 a       174     0     9     1    14
  4.5533525174266076E+00 a       175     0     9     1    15
 -2.8527346549970880E+00 a       176     0     9     1    16
 -6.3200384174698288E-01 a       177     0     9     1    17
  9.6698893265262829E+00 a       178     0     9     1    18
  5.9794637299225633E+00 a       179     0     9     1    19
 -3.7063750094138270E+00 a       180     0     9     1    20
 -2.3570086112514650E+00 a       181     0    10     1     1
  1.2466528375090794E+01 a       182     0    10     1     2
  3.4006511031200111E+00 a       183     0    10     1     3
 -8.0159919127921508E+00 a       184     0    10     1     4
  6.9705840524804330E+00 a       185     0    10     1     5
  3.8634482181701674E-01 a       186     0    10     1     6
  8.5320250642957358E+00 a       187     0    10     1     7
  3.5679429768035535E+00 a       188     0    10     1     8
 -7.0231175534275829E+00 a       189     0    10     1     9
  6.5089264387640366E-01 a       190     0    10     1    10
 -6.1445722816497064E+00 a       191     0    10     1    11
  2.9506712017584853E+00 a       192     0    10     1    12
 -1.5286827739678085E+01 a       193     0    10     1    13
 -7.5569127042438267E-01 a       194     0    10     1    14
  8.1512048280780220E+00 a       195     0    10     1    15
  1.4334809272171240E+01 a       196     0    10     1    16
  5.0327345165312121E+00 a       197     0    10     1    17
 -3.8813394419989553E+00 a       198     0    10     1    18
 -1.8777032471839663E+00 a       199     0    10     1    19
 -2.4118442445420989E+00 a       200     0    10     1    20
 -3.4324102598651036E+00 a       201     0    11     1     1
 -1.6974047854538210E+00 a       202     0    11     1     2
  1.4960615144607086E+00 a       203     0    11     1     3
 -2.1402366439127714E+00 a       204     0    11     1     4
 -2.1582654933836176E-01 a       205     0    11     1     5
 -2.1732993097864095E+00 a       206     0    11     1     6
  3.7219059126263252E+00 a       207     0    11     1     7
  3.2839472623346011E+00 a       208     0    11     1     8
 -9.2629172924336922E-02 a       209     0    11     1     9
 -4.3854094546055311E+00 a       210     0    11     1    10
  9.9661538662687619E+00 a       211     0    11     1    11
 -1.3385319287484392E+00 a       212     0    11     1    12
 -2.6494130385677295E-01 a       213     0    11     1    13
  1.4840835037083544E+00 a       214     0    11     1    14
 -1.4501678605569721E+00 a       215     0    11     1    15
 -7.9134720345477376E+00 a       216     0    11     1    16
  1.4070920040515831E+00 a       217     0    11     1    17
 -6.1691662704321075E+00 a       218     0    11     1    18
 -5.7292229655650317E-01 a       219     0    11     1    19
  1.4607586194416720E+00 a       220     0    11     1    20
 -1.4719338412539271E+01 a       221     0    12     1     1
 -9.6346680124442727E+00 a       222     0    12     1     2
  1.5467672536210004E+00 a       223     0    12     1     3
  4.3335485990910945E+00 a       224     0    12     1     4
 -4.0838573506689411E+00 a       225     0    12     1     5
 -2.7975953223255776E+00 a       226     0    12     1     6
  9.5407243192417788E+00 a       227     0    12     1     7
 -3.0579775912208333E+00 a       228     0    12     1     8
  2.1644226494184334E+01 a       229     0    12     1     9
 -1.7324523028436513E+01 a       230     0    12     1    10
  1.9566420698276595E+01 a       231     0    12     1    11
 -8.3158642327361036E+00 a       232     0    12     1    12
  8.6362150803003814E+00 a       233     0    12     1    13
  7.6903499026387934E-01 a       234     0    12     1    14
 -1.8596933307418379E+01 a       235     0    12     1    15
  1.2371477498310785E+01 a       236     0    12     1    16
 -3.4468530777678335E+00 a       237     0    12     1    17
  2.9234031321408236E+00 a       238     0    12     1    18
  1.5733208875682563E+00 a       239     0    12     1    19
  1.7944670684413431E+01 a       240     0    12     1    20
 -5.9843487685935344E+00 a       241     0    13     1     1
 -2.0058890904473543E+00 a       242     0    13     1     2
  4.0681185051047324E+00 a       243     0    13     1     3
  1.5485082022505487E+00 a       244     0    13     1     4
  5.4812427449141254E-01 a       245     0    13     1     5
 -1.6202682335399419E+00 a       246     0    13     1     6
 -5.7817939447126507E+00 a       247     0    13     1     7
 -4.1145103960971712E+00 a       248     0    13     1     8
  1.3100168324276160E+01 a       249     0    13     1     9
 -4.6524801219610659E+00 a       250     0    13     1    10
  7.3150336619250318E+00 a       251     0    13     1    11
 -3.3735307347385413E+00 a       252     0    13     1    12
 -2.7214388514542196E+00 a       253     0    13     1    13
  4.5517856523830895E+00 a       254     0    13     1    14
 -1.5942552857012883E-02 a       255     0    13     1    15
  3.2464773319612306E+00 a       256     0    13     1    16
  2.5511892530845532E+00 a       257     0    13     1    17
  2.1282934697321627E+00 a       258     0    13     1    18
  1.0991768480961874E+00 a       259     0    13     1    19
  5.4524037392097275E+00 a       260     0    13     1    20
  5.6795123575672513E+00 a       261     0    14     1     1
 -3.6986887520757215E+00 a       262     0    14     1     2
 -1.0512923663225542E+00 a       263     0    14     1     3
  3.2191864701896931E+00 a       264     0    14     1     4
 -3.1671800920504989E+00 a       265     0    14     1     5
 -1.0118556932203598E+01 a       266     0    14     1     6
  3.9096801796024226E-02 a       267     0    14     1     7
 -5.3362771746714088E+00 a       268     0    14     1     8
  1.1667147704782970E+01 a       269     0    14     1     9
 -3.2219401025552279E+00 a       270     0    14     1    10
 -2.7392648881076909E+00 a       271     0    14     1    11
 -1.3572633112299792E+00 a       272     0    14     1    12
  9.9077764591556161E-01 a       273     0    14     1    13
  2.7128829053959080E+00 a       274     0    14     1    14
  7.8771693880174789E+00 a       275     0    14     1    15
 -4.4568963769913674E+00 a       276     0    14     1    16
  3.2000698705131256E+00 a       277     0    14     1    17
  8.1125590992859848E+00 a       278     0    14     1    18
 -4.8791921862163734E-01 a       279     0    14     1    19
  9.8760683371302349E+00 a       280     0    14     1    20
 -4.2522111868406167E+00 a       281     0    15     1     1
 -4.1869002065045233E+00 a       282     0    15     1     2
  2.9547862163196342E-01 a       283     0    15     1     3
  8.1138549463147953E+00 a       284     0    15     1     4
  3.7833270832533130E+00 a       285     0    15     1     5
 -4.1591310988749184E+00 a       286     0    15     1     6
 -9.4838288743758403E-01 a       287     0    15     1     7
 -8.4865744556511853E+00 a       288     0    15     1     8
  1.0306163581780297E+01 a       289     0    15     1     9
 -8.7356538136275859E+00 a       290     0    15     1    10
  8.6579757094460663E-01 a       291     0    15     1    11
 -5.2338373422759616E+00 a       292     0    15     1    12
  1.9183352988186286E-01 a       293     0    15     1    13
  8.5568308344723254E-01 a       294     0    15     1    14
 -8.6404219408955445E+00 a       295     0    15     1    15
  8.2357215053971944E-01 a       296     0    15     1    16
 -3.9623958676352111E-01 a       297     0    15     1    17
  8.2229424781147298E+00 a       298     0    15     1    18
 -8.3948295519035920E-01 a       299     0    15     1    19
  3.2091309257367766E+00 a       300     0    15     1    20
 -4.0227840929713281E+00 a       301     0    16     1     1
 -4.0908706638583840E+00 a       302     0    16     1     2
  1.6899142599004069E+00 a       303     0    16     1     3
  1.8017120366226811E+00 a       304     0    16     1     4
 -5.7850594380566056E+00 a       305     0    16     1     5
  2.0746752416736367E+00 a       306     0    16     1     6
  4.6243424959317386E-01 a       307     0    16     1     7
  2.8837083794747977E+00 a       308     0    16     1     8
  2.1622802783157633E+00 a       309     0    16     1     9
  1.8740284381412855E+00 a       310     0    16     1    10
  2.2662670188562486E+00 a       311     0    16     1    11
 -1.7223200238926222E+00 a       312     0    16     1    12
  2.8533536183660986E+00 a       313     0    16     1    13
 -2.9642693133630225E+00 a       314     0    16     1    14
 -1.0684801616482508E+01 a       315     0    16     1    15
 -1.0597516863580998E+00 a       316     0    16     1    16
 -3.8157281966615808E+00 a       317     0    16     1    17
 -1.0440697222932405E+00 a       318     0    16     1    18
  2.0020283867877740E+00 a       319     0    16     1    19
 -4.8310979999481579E-01 a       320     0    16     1    20
 -2.1913897063908781E+01 a       321     0    17     1     1
  1.6900854471290433E+01 a       322     0    17     1     2
  1.5793211308993744E+01 a       323     0    17     1     3
 -2.7103416868504850E+00 a       324     0    17     1     4
 -3.6264829171680618E-01 a       325     0    17     1     5
  7.3429011086273777E+00 a       326     0    17     1     6
 -1.7102954420495976E+01 a       327     0    17     1     7
  4.6844950392192271E+00 a       328     0    17     1     8
 -5.9916911179128221E+00 a       329     0    17     1     9
 -6.0424140796510599E+00 a       330     0    17     1    10
 -1.2402614036453819E+01 a       331     0    17     1    11
 -1.5229004534731819E+01 a       332     0    17     1    12
  3.5097008667823644E+01 a       333     0    17     1    13
 -2.1621663870825341E+01 a       334     0    17     1    14
  7.7903973431272711E+00 a       335     0    17     1    15
  1.5842485875117685E+01 a       336     0    17     1    16
  1.4301107294070443E+01 a       337     0    17     1    17
 -4.1483469651683954E+01 a       338     0    17     1    18
 -1.2649911092606905E+01 a       339     0    17     1    19
  5.1633898412520329E+00 a       340     0    17     1    20
  5.9614519990445975E+00 a       341     0    18     1     1
 -6.8215159975481958E+00 a       342     0    18     1     2
 -1.4205688035903405E+01 a       343     0    18     1     3
  8.5791035456119626E+00 a       344     0    18     1     4
 -1.0770210072350185E+01 a       345     0    18     1     5
 -2.4332031560789275E+01 a       346     0    18     1     6
  1.9387372599726191E+01 a       347     0    18     1     7
 -7.0801962722966882E+00 a       348     0    18     1     8
 -3.1795983442202735E-01 a       349     0    18     1     9
  1.3947555676959457E+01 a       350     0    18     1    10
  1.0886075457091628E+01 a       351     0    18     1    11
 -1.3311990754636442E+00 a       352     0    18     1    12
 -1.0356590531011397E+01 a       353     0    18     1    13
  2.1537864608134853E+01 a       354     0    18     1    14
 -1.8341426403297540E+01 a       355     0    18     1    15
  8.9426173670620237E+00 a       356     0    18     1    16
  9.8469381560369982E+00 a       357     0    18     1    17
  3.1801849378225469E+00 a       358     0    18     1    18
  1.3249140614758868E+01 a       359     0    18     1    19
 -2.4605670515850310E+01 a       360     0    18     1    20
  1.6553887501869506E+00 a       361     0    19     1     1
 -2.6307686133996686E+01 a       362     0    19     1     2
 -1.2269574626126605E+01 a       363     0    19     1     3
  2.4061337823792094E+01 a       364     0    19     1     4
  1.0701221485035985E+00 a       365     0    19     1     5
  1.8604339264506439E+01 a       366     0    19     1     6
  1.5052552321601340E+01 a       367     0    19     1     7
  1.5952342473434179E+01 a       368     0    19     1     8
  3.6480676906066293E+01 a       369     0    19     1     9
  1.4143274726532806E+00 a       370     0    19     1    10
  4.4117748368171501E+00 a       371     0    19     1    11
  8.7625887986870232E+00 a       372     0    19     1    12
 -8.8160088435161956E+00 a       373     0    19     1    13
 -2.9815065940979554E+01 a       374     0    19     1    14
 -2.7801566905321202E+01 a       375     0    19     1    15
 -4.4242626015452724E-01 a       376     0    19     1    16
 -2.6913589661980222E+01 a       377     0    19     1    17
 -6.5615879659301148E+00 a       378     0    19     1    18
 -1.7360232027200752E+01 a       379     0    19     1    19
  7.3679961589717475E+00 a       380     0    19     1    20
 -3.1059124044504696E+00 a       381     0    20     1     1
 -1.7293829561494888E+01 a       382     0    20     1     2
 -2.5570426817237571E+01 a       383     0    20     1     3
  1.7966380501479957E+01 a       384     0    20     1     4
  6.5308400004080616E+00 a       385     0    20     1     5
 -1.2822372729934985E+01 a       386     0    20     1     6
  1.5440164530130520E+01 a       387     0    20     1     7
 -6.7156471729171212E+00 a       388     0    20     1     8
  7.5903722796470214E+00 a       389     0    20     1     9
 -1.2431607166142431E+01 a       390     0    20     1    10
 -1.7676677116282171E+01 a       391     0    20     1    11
  1.9895916193130972E+01 a       392     0    20     1    12
 -1.3915294645943666E+01 a       393     0    20     1    13
  5.0256537217554955E+00 a       394     0    20     1    14
  4.0553064750303536E+00 a       395     0    20     1    15
  1.4937261372426767E+00 a       396     0    20     1    16
  4.8400113355569585E-01 a       397     0    20     1    17
  7.5296438006799713E+00 a       398     0    20     1    18
  1.0933602940828592E+01 a       399     0    20     1    19
 -1.4956697007137558E+01 a       400     0    20     1    20
  1.0612927796635704E+01 a       401     0    21     1     1
 -4.0359884746582102E+00 a       402     0    21     1     2
  3.9842020509730588E+01 a       403     0    21     1     3
  6.8573259662920547E+00 a       404     0    21     1     4
  2.1249105510039847E+01 a       405     0    21     1     5
 -1.7917745198159389E+00 a       406     0    21     1     6
 -3.7080699396926025E+00 a       407     0    21     1     7
 -1.0341779203767437E+01 a       408     0    21     1     8
  1.4266884875899777E-01 a       409     0    21     1     9
 -1.4984614689098015E+01 a       410     0    21     1    10
 -2.3660888719111828E+01 a       411     0    21     1    11
 -3.6893533042892726E+00 a       412     0    21     1    12
 -1.4729965085880249E+01 a       413     0    21     1    13
 -7.9751465348105810E-01 a       414     0    21     1    14
  4.1645510004403903E+01 a       415     0    21     1    15
 -2.0583437284934078E+01 a       416     0    21     1    16
  1.4526592727154823E+01 a       417     0    21     1    17
  4.5408433482505393E+00 a       418     0    21     1    18
  4.1069138000057261E+00 a       419     0    21     1    19
  4.0208784877477051E+00 a       420     0    21     1    20
 -7.0674952322768814E+00 a       421     0    22     1     1
  2.1157240251053420E+01 a       422     0    22     1     2
  1.5473804242168422E+01 a       423     0    22     1     3
 -3.8391072984375946E+01 a       424     0    22     1     4
 -1.6312062693795781E+01 a       425     0    22     1     5
  1.5589529211961921E+01 a       426     0    22     1     6
 -3.5615106292163603E+01 a       427     0    22     1     7
 -1.6888713055670038E+01 a       428     0    22     1     8
 -2.6216339314660438E+01 a       429     0    22     1     9
 -6.0964283753871920E+00 a       430     0    22     1    10
 -1.4745963485969951E+00 a       431     0    22     1    11
 -4.8316357210854282E+00 a       432     0    22     1    12
  2.5722368909504784E+01 a       433     0    22     1    13
  2.5893268594583681E+01 a       434     0    22     1    14
  7.8258652244973197E+00 a       435     0    22     1    15
 -2.1626282191588336E-01 a       436     0    22     1    16
  3.5770719810758280E+01 a       437     0    22     1    17
  7.7583832441858052E+00 a       438     0    22     1    18
 -1.3107942659416009E+01 a       439     0    22     1    19
  6.7374490219654728E+00 a       440     0    22     1    20
 -6.9361957404066583E+00 a       441     0    23     1     1
 -3.0426657915895281E+00 a       442     0    23     1     2
 -4.9124709722737876E+00 a       443     0    23     1     3
  1.0142273805528145E+01 a       444     0    23     1     4
  5.6688462229678738E+00 a       445     0    23     1     5
  5.0005464073189660E+00 a       446     0    23     1     6
 -2.3012148227605520E+00 a       447     0    23     1     7
  3.2213024105490407E+00 a       448     0    23     1     8
 -1.7256272277023033E+00 a       449     0    23     1     9
 -7.2060917197936485E+00 a       450     0    23     1    10
 -2.3161590292152976E+00 a       451     0    23     1    11
 -1.2866803406268046E+00 a       452     0    23     1    12
 -1.6785676307901880E+01 a       453     0    23     1    13
  1.2138783973280374E+00 a       454     0    23     1    14
 -2.5196388153137744E-01 a       455     0    23     1    15
 -7.0666842291176684E+00 a       456     0    23     1    16
 -1.4053520503662558E+00 a       457     0    23     1    17
  6.6120802744771643E+00 a       458     0    23     1    18
  3.3822474584050943E+00 a       459     0    23     1    19
 -8.9447657806868947E-02 a       460     0    23     1    20
 -6.6189223637538603E+00 a       461     0    24     1     1
  1.6514987332032099E+01 a       462     0    24     1     2
 -7.5063577711339080E-01 a       463     0    24     1     3
  9.7727269207766447E+00 a       464     0    24     1     4
  1.9366176723507760E+01 a       465     0    24     1     5
 -6.9105984478966356E+00 a       466     0    24     1     6
 -5.8606911576235365E+00 a       467     0    24     1     7
  1.3609395836466188E+01 a       468     0    24     1     8
 -9.3433122562700177E+00 a       469     0    24     1     9
 -4.1048194875929953E+00 a       470     0    24     1    10
 -3.6916542545894608E+00 a       471     0    24     1    11
  1.0239866675283285E+01 a       472     0    24     1    12
  5.6157818938012314E+00 a       473     0    24     1    13
  2.6051946083299629E+00 a       474     0    24     1    14
  2.0660349664305606E+01 a       475     0    24     1    15
 -2.4993344459258726E+01 a       476     0    24     1    16
  7.4888719112379065E-01 a       477     0    24     1    17
  1.4288902907311403E+01 a       478     0    24     1    18
  5.8783792261341725E+00 a       479     0    24     1    19
 -1.0666339648255084E+01 a       480     0    24     1    20
  3.6970209604362436E-01 a       481     0    25     1     1
 -1.8648613485310399E+01 a       482     0    25     1     2
  1.2330144134332631E+01 a       483     0    25     1     3
 -3.1567983262501840E+00 a       484     0    25     1     4
 -1.3859766252894248E+01 a       485     0    25     1     5
 -1.4342061418098226E+00 a       486     0    25     1     6
  1.3436799924705351E+01 a       487     0    25     1     7
 -4.3577689262059938E+00 a       488     0    25     1     8
  1.2001163220898144E+01 a       489     0    25     1     9
  3.8650867527442330E+00 a       490     0    25     1    10
  4.0267572963122111E+00 a       491     0    25     1    11
 -8.4722457445158894E-01 a       492     0    25     1    12
  2.3803057600774679E+01 a       493     0    25     1    13
 -4.4395150482461929E+00 a       494     0    25     1    14
 -1.0519904749893520E+01 a       495     0    25     1    15
 -2.0917618913442091E+01 a       496     0    25     1    16
 -8.1225104690607193E+00 a       497     0    25     1    17
  1.4380244349103698E+01 a       498     0    25     1    18
 -1.3033483639797263E+01 a       499     0    25     1    19
 -1.6492959464101009E+00 a       500     0    25     1    20
  3.9252929883617820E+00 a       501     0    26     1     1
  7.5696712497683194E+00 a       502     0    26     1     2
  7.5048897273882318E+00 a       503     0    26     1     3
 -1.7502784284739771E+01 a       504     0    26     1     4
 -7.7040527419100979E-01 a       505     0    26     1     5
  1.4152803344158018E+01 a       506     0    26     1     6
  2.2428399841056179E+00 a       507     0    26     1     7
 -6.4561018633326872E-01 a       508     0    26     1     8
 -4.8360377011205591E+00 a       509     0    26     1     9
  1.7210931724475241E+01 a       510     0    26     1    10
  1.3150804244329251E+01 a       511     0    26     1    11
  3.6981510442372406E-01 a       512     0    26     1    12
  3.2882361047393980E+00 a       513     0    26     1    13
  1.3775413030287953E+00 a       514     0    26     1    14
  5.6980695416911429E+00 a       515     0    26     1    15
 -2.0080832509243520E+00 a       516     0    26     1    16
 -3.7874460245717773E-01 a       517     0    26     1    17
  5.8870951268985294E+00 a       518     0    26     1    18
 -1.0531490840713889E+00 a       519     0    26     1    19
  1.3430957569539689E+01 a       520     0    26     1    20
 -4.6368037200472223E+00 a       521     0    27     1     1
 -8.0392102479685157E+00 a       522     0    27     1     2
 -1.3012618338464119E+01 a       523     0    27     1     3
  1.0550680531185893E+01 a       524     0    27     1     4
  5.3706800052565491E+00 a       525     0    27     1     5
  6.4569672457506897E+00 a       526     0    27     1     6
  1.2999351467984495E+00 a       527     0    27     1     7
  5.9110054309126276E+00 a       528     0    27     1     8
  4.7304447109874577E+00 a       529     0    27     1     9
  2.1302593704672695E+01 a       530     0    27     1    10
  6.9237450021794480E+00 a       531     0    27     1    11
 -1.3993168972982673E+01 a       532     0    27     1    12
  5.6692858366492969E+00 a       533     0    27     1    13
 -1.9360046271854505E+00 a       534     0    27     1    14
 -3.6720009858390142E+01 a       535     0    27     1    15
  3.4539009121469498E+01 a       536     0    27     1    16
 -4.1892263452141378E+00 a       537     0    27     1    17
  1.9412786123347403E+00 a       538     0    27     1    18
  5.3281091552225623E+00 a       539     0    27     1    19
  1.5249396513786602E+01 a       540     0    27     1    20
  3.0077830569383730E+00 a       541     0    28     1     1
  4.0021194622870206E+00 a       542     0    28     1     2
 -9.3864576788527199E+00 a       543     0    28     1     3
  7.4919562905962040E+00 a       544     0    28     1     4
  1.5257533372063815E+01 a       545     0    28     1     5
 -9.1619995681983255E+00 a       546     0    28     1     6
  6.5449488241008851E+00 a       547     0    28     1     7
 -7.6151520592037354E+00 a       548     0    28     1     8
 -7.3547845632461006E-01 a       549     0    28     1     9
  7.7378685801498182E-01 a       550     0    28     1    10
 -1.2478259843219337E+01 a       551     0    28     1    11
  1.8785499050291307E+01 a       552     0    28     1    12
 -1.3344520243710145E+01 a       553     0    28     1    13
 -2.3743317092916588E+01 a       554     0    28     1    14
  1.7583613713832339E+01 a       555     0    28     1    15
 -2.2503637253596551E+00 a       556     0    28     1    16
 -1.9703053696500955E+01 a       557     0    28     1    17
 -1.3394834353297355E+01 a       558     0    28     1    18
  9.6800561639309706E+00 a       559     0    28     1    19
 -1.4873340533586485E+00 a       560     0    28     1    20
  2.4732275944593802E+01 a       561     0    29     1     1
 -4.6892185803237352E+00 a       562     0    29     1     2
 -1.8755423440611283E+00 a       563     0    29     1     3
 -4.7504664895789510E+00 a       564     0    29     1     4
  2.9893990678493203E+01 a       565     0    29     1     5
  2.6875890515674765E+00 a       566     0    29     1     6
 -2.3055491060334787E-01 a       567     0    29     1     7
  2.0378684545975188E+00 a       568     0    29     1     8
 -1.2056871990172461E+01 a       569     0    29     1     9
  1.3116628058884503E+01 a       570     0    29     1    10
  7.7530915977300907E+00 a       571     0    29     1    11
  8.9467260882973996E+00 a       572     0    29     1    12
 -2.4584335097063153E+01 a       573     0    29     1    13
  2.6806138055169719E+00 a       574     0    29     1    14
 -2.2717756596490474E+01 a       575     0    29     1    15
  1.6853906502504611E+01 a       576     0    29     1    16
 -8.5189468384608624E-01 a       577     0    29     1    17
  1.5668622691040930E+01 a       578     0    29     1    18
  4.9956047309216128E-01 a       579     0    29     1    19
 -1.2948110593766675E+01 a       580     0    29     1    20
  2.6366337374721569E+00 a       581     0    30     1     1
  1.7117132073437478E+01 a       582     0    30     1     2
 -2.5069551301763290E+01 a       583     0    30     1     3
 -2.7338120153497703E+00 a       584     0    30     1     4
 -1.0430259971498321E+01 a       585     0    30     1     5
  9.5682829146735866E+00 a       586     0    30     1     6
 -1.5093511252971183E+01 a       587     0    30     1     7
  3.7135672825481918E+00 a       588     0    30     1     8
 -1.5751221718275660E+01 a       589     0    30     1     9
 -1.7030861347838336E+01 a       590     0    30     1    10
  9.0197023766656912E+00 a       591     0    30     1    11
  6.0923568125871066E+00 a       592     0    30     1    12
 -3.6497949898230708E+01 a       593     0    30     1    13
  1.4390366809193462E+00 a       594     0    30     1    14
  2.0869056174911595E+01 a       595     0    30     1    15
  1.4081043947735008E+00 a       596     0    30     1    16
 -3.3624259687231138E+01 a       597     0    30     1    17
  2.4127261525512105E+00 a       598     0    30     1    18
  4.0616255684466056E+00 a       599     0    30     1    19
  5.4180137366315231E+00 a       600     0    30     1    20
 -9.9748217966935773E+00 a       601     0    31     1     1
 -1.6695942624202282E+00 a       602     0    31     1     2
  1.8821998947669737E+01 a       603     0    31     1     3
  2.4863285638798280E+00 a       604     0    31     1     4
 -1.0003184018716973E+00 a       605     0    31     1     5
  9.8078788589087278E+00 a       606     0    31     1     6
 -6.3096534043040391E+00 a       607     0    31     1     7
  1.0752327213595139E+01 a       608     0    31     1     8
 -8.1877844026481537E+00 a       609     0    31     1     9
  5.8030643481149780E-01 a       610     0    31     1    10
 -1.9829812865193336E+01 a       611     0    31     1    11
 -9.4137147240200587E+00 a       612     0    31     1    12
 -1.5189718980437833E+01 a       613     0    31     1    13
  5.1885169534681019E-01 a       614     0    31     1    14
  1.2302010794262628E+01 a       615     0    31     1    15
  2.3936682399446163E+01 a       616     0    31     1    16
  6.5967246542892477E+00 a       617     0    31     1    17
  3.8859535712695411E+01 a       618     0    31     1    18
  8.5648687764649836E+00 a       619     0    31     1    19
  2.2472787242830158E+01 a       620     0    31     1    20
 -1.1768534966219194E+01 a       621     0    32     1     1
 -4.1468227474865751E+00 a       622     0    32     1     2
  2.4887249595995254E+01 a       623     0    32     1     3
  4.3861234304922263E+00 a       624     0    32     1     4
 -2.4858787185901694E+01 a       625     0    32     1     5
  1.3638846714911544E+01 a       626     0    32     1     6
 -8.8720679818487387E+00 a       627     0    32     1     7
  3.9581898686566124E+00 a       628     0    32     1     8
  2.1696225768124503E+01 a       629     0    32     1     9
  2.1338041266285483E+01 a       630     0    32     1    10
 -8.0277251629025397E+00 a       631     0    32     1    11
 -1.3752844746162436E+01 a       632     0    32     1    12
  2.7595399532529751E+01 a       633     0    32     1    13
 -1.7520349549636893E-01 a       634     0    32     1    14
  1.3968622587607431E+01 a       635     0    32     1    15
 -1.0103154641072949E+01 a       636     0    32     1    16
  7.3157837516439859E+00 a       637     0    32     1    17
 -2.6315366768213359E+01 a       638     0    32     1    18
 -1.4449542113142734E+01 a       639     0    32     1    19
 -2.0736968689140762E+00 a       640     0    32     1    20
 -1.3585321337308143E+00 a       641     0    33     1     1
 -1.8618549879620929E+01 a       642     0    33     1     2
  2.0672540863778416E+01 a       643     0    33     1     3
 -6.9071850193956097E-01 a       644     0    33     1     4
  1.6672749654778599E+01 a       645     0    33     1     5
 -7.2148930473115538E+00 a       646     0    33     1     6
 -3.1505955658702561E+01 a       647     0    33     1     7
 -4.3526639718662761E+00 a       648     0    33     1     8
 -1.0285599642612354E+01 a       649     0    33     1     9
  1.8684317597457994E+01 a       650     0    33     1    10
  4.6417598846253236E+00 a       651     0    33     1    11
 -8.9417538554266063E+00 a       652     0    33     1    12
  2.4560102779346188E+01 a       653     0    33     1    13
  2.1939527267791865E+00 a       654     0    33     1    14
 -3.6001756728219121E+01 a       655     0    33     1    15
  7.8957807981595896E-01 a       656     0    33     1    16
  2.6338258751626444E+01 a       657     0    33     1    17
 -3.5291596910550895E+00 a       658     0    33     1    18
  2.5959165308111636E+01 a       659     0    33     1    19
 -6.8027647497092119E+00 a       660     0    33     1    20
  1.6674343938855841E+01 a       661     0    34     1     1
  1.5051632991839933E+01 a       662     0    34     1     2
 -4.6433573030880090E+01 a       663     0    34     1     3
 -1.3418799993523015E+01 a       664     0    34     1     4
 -5.5417850193694385E+00 a       665     0    34     1     5
 -4.5666828470243903E+00 a       666     0    34     1     6
  2.5279088958591267E+01 a       667     0    34     1     7
 -7.0699255611263343E+00 a       668     0    34     1     8
 -2.4274636614034414E+01 a       669     0    34     1     9
 -1.1172492694891487E+00 a       670     0    34     1    10
  1.5826300193815774E+01 a       671     0    34     1    11
  9.6762475146350688E+00 a       672     0    34     1    12
  2.7167189029410213E+01 a       673     0    34     1    13
  1.5130047123010300E+01 a       674     0    34     1    14
  1.5995657403967497E+01 a       675     0    34     1    15
 -2.4965712019851235E+01 a       676     0    34     1    16
 -1.4805798929434831E+01 a       677     0    34     1    17
 -1.4757065600206339E+01 a       678     0    34     1    18
  1.4247229057772151E+01 a       679     0    34     1    19
 -1.4557051171460127E+01 a       680     0    34     1    20
  1.0984735089752318E+01 a       681     0    35     1     1
  2.9539622179580789E+00 a       682     0    35     1     2
 -1.6903679638750067E+00 a       683     0    35     1     3
  1.6795559487584355E+00 a       684     0    35     1     4
 -1.8553886931692056E+00 a       685     0    35     1     5
 -9.3543344139343532E+00 a       686     0    35     1     6
 -6.2163797352286467E+00 a       687     0    35     1     7
 -7.4033285988921085E+00 a       688     0    35     1     8
 -1.2632109486095311E+00 a       689     0    35     1     9
  3.5042094807639934E+00 a       690     0    35     1    10
 -2.6061896848079016E+00 a       691     0    35     1    11
  3.7655616915188208E+00 a       692     0    35     1    12
  7.7205043719402768E+00 a       693     0    35     1    13
  5.2903055289103618E+00 a       694     0    35     1    14
  4.0675409265158597E+00 a       695     0    35     1    15
  1.5104690977667305E+01 a       696     0    35     1    16
 -1.1502933426956561E+00 a       697     0    35     1    17
 -7.7658167035561787E+00 a       698     0    35     1    18
 -9.7895852561930781E+00 a       699     0    35     1    19
  2.9638350248299559E+00 a       700     0    35     1    20
  1.5743641931016800E+01 a       701     0    36     1     1
  2.4293642833653889E-01 a       702     0    36     1     2
  1.4254666832156624E+00 a       703     0    36     1     3
 -1.4493383116062990E+01 a       704     0    36     1     4
 -1.8609597986373636E+01 a       705     0    36     1     5
  1.4891803019137940E+01 a       706     0    36     1     6
  1.0514487438272377E+00 a       707     0    36     1     7
 -5.7398638145419669E+00 a       708     0    36     1     8
 -1.8756904986182341E+00 a       709     0    36     1     9
  5.2617342979796895E+00 a       710     0    36     1    10
  1.2598029785862327E+01 a       711     0    36     1    11
  1.1392439376993091E+01 a       712     0    36     1    12
  1.1529269954036485E+01 a       713     0    36     1    13
 -2.8150490735961511E+00 a       714     0    36     1    14
 -1.5505664480078456E+01 a       715     0    36     1    15
  7.9225314938826346E+00 a       716     0    36     1    16
 -5.1716353409105542E+00 a       717     0    36     1    17
 -1.9332081744636721E+01 a       718     0    36     1    18
 -1.2351041742346238E+01 a       719     0    36     1    19
  8.4569017188254580E+00 a       720     0    36     1    20
  4.4684972524502911E+00 a       721     0    37     1     1
  1.8080028790798284E+01 a       722     0    37     1     2
 -1.5912649032012176E+01 a       723     0    37     1     3
  3.4335162733265614E+00 a       724     0    37     1     4
  3.0753253232302971E+01 a       725     0    37     1     5
  7.4790633134197666E+00 a       726     0    37     1     6
 -4.8534867205719863E+01 a       727     0    37     1     7
 -3.2960198627340120E+01 a       728     0    37     1     8
 -2.0507057389942087E+01 a       729     0    37     1     9
 -1.4407235927329133E+01 a       730     0    37     1    10
 -8.9299827690841553E+00 a       731     0    37     1    11
 -5.7921657932846227E+00 a       732     0    37     1    12
 -1.8879475923168105E+01 a       733     0    37     1    13
  9.6967842884569464E+00 a       734     0    37     1    14
  7.6234819137939178E+00 a       735     0    37     1    15
  1.8324946776392807E+01 a       736     0    37     1    16
  1.2038737290321777E+01 a       737     0    37     1    17
 -2.2969379206753089E+01 a       738     0    37     1    18
  7.5045127383773771E+00 a       739     0    37     1    19
 -1.8584724272627536E+01 a       740     0    37     1    20
  9.5077648229992491E+00 a       741     0    38     1     1
  1.7920340071256038E+00 a       742     0    38     1     2
 -1.0672092028535374E+01 a       743     0    38     1     3
 -3.5437507163187960E+00 a       744     0    38     1     4
 -2.2036444624766367E+00 a       745     0    38     1     5
 -1.2782409754968194E+01 a       746     0    38     1     6
  1.2461379913735573E+01 a       747     0    38     1     7
  5.6413410810272451E+00 a       748     0    38     1     8
  8.6545317560183599E-01 a       749     0    38     1     9
 -1.2671683467144540E+01 a       750     0    38     1    10
 -3.4449092353085882E+00 a       751     0    38     1    11
 -6.8636420166371914E-01 a       752     0    38     1    12
 -1.0037816895390629E+01 a       753     0    38     1    13
 -1.3631552237436425E+01 a       754     0    38     1    14
 -1.6766083574161254E+01 a       755     0    38     1    15
 -6.4282919626314772E-02 a       756     0    38     1    16
 -4.0348392413815057E+00 a       757     0    38     1    17
  1.2231049452829506E+01 a       758     0    38     1    18
 -1.6458225815100445E+00 a       759     0    38     1    19
 -1.3227027127641369E+00 a       760     0    38     1    20
 -1.0394029088946526E+01 a       761     0    39     1     1
  2.4825316089893459E+01 a       762     0    39     1     2
 -1.1622502245386222E+01 a       763     0    39     1     3
  2.2462894139319305E+00 a       764     0    39     1     4
 -5.0540420222507292E+00 a       765     0    39     1     5
 -2.9103991524906792E+00 a       766     0    39     1     6
  2.2286504352536131E+01 a       767     0    39     1     7
  7.7574415751261254E+00 a       768     0    39     1     8
  1.5340258914405849E+00 a       769     0    39     1     9
 -3.6150028496878782E+01 a       770     0    39     1    10
 -4.9941630471353732E-01 a       771     0    39     1    11
  1.1456016521877082E+01 a       772     0    39     1    12
 -3.3492248235675368E+00 a       773     0    39     1    13
  1.0454127349538028E+01 a       774     0    39     1    14
  2.9576798670894995E+01 a       775     0    39     1    15
 -1.6653131461900252E+01 a       776     0    39     1    16
 -1.1830986387536299E+01 a       777     0    39     1    17
  3.7680321991866323E+00 a       778     0    39     1    18
 -1.9208379415480785E+01 a       779     0    39     1    19
 -7.9872063807940574E-01 a       780     0    39     1    20
 -9.5264251585902837E-01 a       781     0    40     1     1
 -4.0595249422969353E+01 a       782     0    40     1     2
  3.4410200539744494E+01 a       783     0    40     1     3
  2.4198229272594872E+01 a       784     0    40     1     4
  1.7304808760769865E+00 a       785     0    40     1     5
 -3.6189097294073207E+00 a       786     0    40     1     6
  8.1582339574991114E-01 a       787     0    40     1     7
  1.0421902754434480E+01 a       788     0    40     1     8
  5.2134401384562821E+01 a       789     0    40     1     9
  9.7189140695291218E+00 a       790     0    40     1    10
  7.9638502500148062E-02 a       791     0    40     1    11
 -1.2922071512146649E+01 a       792     0    40     1    12
 -8.2707563776635666E+00 a       793     0    40     1    13
 -1.1228459993991123E+01 a       794     0    40     1    14
 -1.8650712822991675E+01 a       795     0    40     1    15
  1.1558559727026052E+01 a       796     0    40     1    16
 -2.4872186659716808E+00 a       797     0    40     1    17
 -1.3019176263484182E+00 a       798     0    40     1    18
 -2.1971013597679413E+01 a       799     0    40     1    19
 -6.4513920282603587E+00 a       800     0    40     1    20
 -1.8166953999575564E+00 b       801     1     1
 -2.8851382787307758E+00 b       802     1     2
 -2.1055375365693139E+00 b       803     1     3
  2.6849383900333650E+00 b       804     1     4
 -1.8051469443727406E+00 b       805     1     5
  2.1526178433230603E-01 b       806     1     6
  1.5869290553882180E+00 b       807     1     7
 -4.0013329022618933E+00 b       808     1     8
  2.1459051063936649E+00 b       809     1     9
  5.1855514826692266E+00 b       810     1    10
  1.5225299019107199E+00 b       811     1    11
  1.0269593382111870E+00 b       812     1    12
 -1.1327122505555862E+00 b       813     1    13
 -1.4359565933371963E+00 b       814     1    14
 -1.6578765265367059E+00 b       815     1    15
 -1.7404616792242473E+00 b       816     1    16
 -2.8760126586017098E+00 b       817     1    17
  1.9293779356885984E-01 b       818     1    18
  1.0752426667328041E+00 b       819     1    19
 -3.5331738156416187E-01 b       820     1    20
  5.2631174697255390E-01 a       821     1     1     2     1
  3.9602916864190125E+00 a       822     1     1     2     2
  1.5328924497693745E+01 a       823     1     1     2     3
 -1.1294204982851781E+00 a       824     1     1     2     4
 -3.5611096739617643E+00 a       825     1     1     2     5
 -1.6339342534414406E-01 a       826     1     1     2     6
 -9.1853270554760620E+00 a       827     1     1     2     7
  4.7259592844392202E+00 a       828     1     1     2     8
 -9.2327671678422583E+00 a       829     1     1     2     9
  5.5467045315158714E-01 a       830     1     1     2    10
  2.1390012736562132E+00 a       831     1     1     2    11
  1.9196301922692818E-01 a       832     1     1     2    12
 -9.7547811314340525E+00 a       833     1     1     2    13
  4.2320279546643143E+00 a       834     1     1     2    14
 -1.4045217930738906E+01 a       835     1     1     2    15
  5.3666807818470801E+00 a       836     1     1     2    16
 -1.9260443987713964E+00 a       837     1     1     2    17
  5.7306387795900493E-01 a       838     1     1     2    18
 -6.6793729243126121E-01 a       839     1     1     2    19
  6.2994056485996648E+00 a       840     1     1     2    20
  9.8935679256302000E-01 a       841     1     2     2     1
 -6.3621229522680416E+00 a       842     1     2     2     2
 -4.4812534282934697E+00 a       843     1     2     2     3
  1.7587565174097369E-01 a       844     1     2     2     4
 -4.9891920887782719E+00 a       845     1     2     2     5
  1.6917726524258447E+00 a       846     1     2     2     6
  2.6372031348369314E+00 a       847     1     2     2     7
  4.5362038293820035E+00 a       848     1     2     2     8
  6.0858566839737618E+00 a       849     1     2     2     9
 -2.9356724155787289E-01 a       850     1     2     2    10
  1.2457955633547095E+00 a       851     1     2     2    11
  2.9178404718316042E-01 a       852     1     2     2    12
 -1.9630012750756540E-01 a       853     1     2     2    13
 -2.0044198145403005E+00 a       854     1     2     2    14
 -5.6543843002726701E-01 a       855     1     2     2    15
 -3.6653533124293407E+00 a       856     1     2     2    16
  7.1904680415274569E-01 a       857     1     2     2    17
 -1.2155411239010129E-01 a       858     1     2     2    18
 -2.6626383599785175E+00 a       859     1     2     2    19
 -2.1064083699644365E+00 a       860     1     2     2    20
 -1.0257449515928074E+00 a       861     1     3     2     1
 -4.2405244645659925E+00 a       862     1     3     2     2
 -2.1786330299065058E+00 a       863     1     3     2     3
  9.6797443136224022E+00 a       864     1     3     2     4
 -2.0906454445290930E+00 a       865     1     3     2     5
 -2.8970641399230010E+00 a       866     1     3     2     6
  7.5705647521987185E+00 a       867     1     3     2     7
 -4.9194811674103128E-01 a       868     1     3     2     8
  8.4449230990213453E-01 a       869     1     3     2     9
 -1.2990400406308447E+00 a       870     1     3     2    10
 -2.4386163830383079E+00 a       871     1     3     2    11
  2.6069469060082184E+00 a       872     1     3     2    12
  4.3520091211789200E+00 a       873     1     3     2    13
 -1.1946891571014651E+01 a       874     1     3     2    14
 -3.9021778321336473E+00 a       875     1     3     2    15
  7.2672128001020320E-01 a       876     1     3     2    16
 -2.0886194391725161E+00 a       877     1     3     2    17
  1.2359029781070117E+00 a       878     1     3     2    18
 -3.6145235871991026E-02 a       879     1     3     2    19
 -3.9962195650581496E+00 a       880     1     3     2    20
  3.6217569116848343E+00 a       881     1     4     2     1
 -1.0871046649019986E+00 a       882     1     4     2     2
 -2.3787721975534315E+00 a       883     1     4     2     3
  4.6523099288842378E+00 a       884     1     4     2     4
 -2.0844599593404518E+00 a       885     1     4     2     5
  4.4508929697386712E-01 a       886     1     4     2     6
 -8.4789557686770518E+00 a       887     1     4     2     7
 -6.6210450305574007E+00 a       888     1     4     2     8
 -1.2122644656664077E+01 a       889     1     4     2     9
 -1.3982663977923562E+00 a       890     1     4     2    10
  1.1011405391305891E+00 a       891     1     4     2    11
 -5.7039912706254181E-01 a       892     1     4     2    12
 -4.5657448082493506E+00 a       893     1     4     2    13
 -2.8554136346815691E+00 a       894     1     4     2    14
 -4.6443748115139956E+00 a       895     1     4     2    15
  4.7610029709952348E+00 a       896     1     4     2    16
 -6.3372130111338025E+00 a       897     1     4     2    17
 -1.3840882939169985E+00 a       898     1     4     2    18
 -2.4100104130711530E+00 a       899     1     4     2    19
 -9.9334522570262895E-01 a       900     1     4     2    20
 -2.3067236594987954E+00 a       901     1     5     2     1
  1.0991231536261161E+00 a       902     1     5     2     2
 -4.5441052053233060E+00 a       903     1     5     2     3
  1.9461448769279943E+00 a       904     1     5     2     4
  2.4592879651273869E-01 a       905     1     5     2     5
 -8.1336973186473172E-01 a       906     1     5     2     6
  9.8465660357905627E-01 a       907     1     5     2     7
 -3.3652893899602132E+00 a       908     1     5     2     8
  3.4930953860667198E+00 a       909     1     5     2     9
  1.1724888682551216E+00 a       910     1     5     2    10
 -6.7551060439104260E-01 a       911     1     5     2    11
 -2.4117627702363831E+00 a       912     1     5     2    12
 -1.8362071534825839E+00 a       913     1     5     2    13
  2.5445770373045935E+00 a       914     1     5     2    14
  5.0942674693474164E+00 a       915     1     5     2    15
  6.2068421881536624E+00 a       916     1     5     2    16
 -6.5771878520413019E-01 a       917     1     5     2    17
 -1.0634361159420249E+00 a       918     1     5     2    18
 -7.1043150629750229E-01 a       919     1     5     2    19
  3.9823653367131393E+00 a       920     1     5     2    20
 -4.5458768820562004E-02 a       921     1     6     2     1
 -1.6774870685584232E-02 a       922     1     6     2     2
  4.6893133320545246E+00 a       923     1     6     2     3
 -2.3766519367742660E+00 a       924     1     6     2     4
  1.9664342447997403E+00 a       925     1     6     2     5
 -4.9080601223128442E+00 a       926     1     6     2     6
 -3.4975143737610601E+00 a       927     1     6     2     7
 -3.3620667472593571E+00 a       928     1     6     2     8
 -3.9840651651167307E+00 a       929     1     6     2     9
  3.1216059630494430E-01 a       930     1     6     2    10
  3.0291845013218827E-01 a       931     1     6     2    11
 -2.1793786440858880E+00 a       932     1     6     2    12
  5.0175096396685488E+00 a       933     1     6     2    13
 -5.8106028698048915E+00 a       934     1     6     2    14
 -4.0104264464352459E+00 a       935     1     6     2    15
  6.0025843616816950E+00 a       936     1     6     2    16
 -4.5537227025090363E+00 a       937     1     6     2    17
 -1.5266766547404198E+00 a       938     1     6     2    18
  4.9657303240483142E+00 a       939     1     6     2    19
  2.2288530690925351E-01 a       940     1     6     2    20
 -8.3569635033626244E-03 a       941     1     7     2     1
  3.0409244138096971E+00 a       942     1     7     2     2
  4.2059673893454397E-01 a       943     1     7     2     3
 -6.3247097664588270E-01 a       944     1     7     2     4
 -8.4985319632649396E+00 a       945     1     7     2     5
 -2.4102507705846161E+00 a       946     1     7     2     6
 -8.0283165232378497E+00 a       947     1     7     2     7
 -1.7513731271314272E+00 a       948     1     7     2     8
 -7.0715590441000700E+00 a       949     1     7     2     9
 -1.0947661121391401E+00 a       950     1     7     2    10
  4.8292933633320234E-01 a       951     1     7     2    11
  3.5773369938550775E-01 a       952     1     7     2    12
  3.0558799717481011E+00 a       953     1     7     2    13
 -4.6139970454082073E+00 a       954     1     7     2    14
 -1.0104340393825950E+00 a       955     1     7     2    15
  4.3526578217457390E-01 a       956     1     7     2    16
 -3.7052075768353596E+00 a       957     1     7     2    17
  4.2137058711858710E-01 a       958     1     7     2    18
  1.4017215692820042E+00 a       959     1     7     2    19
  6.0357080585775682E+00 a       960     1     7     2    20
 -7.0800046516904658E+00 a       961     1     8     2     1
 -7.4389253417350965E-01 a       962     1     8     2     2
 -5.4720734226915604E-02 a       963     1     8     2     3
 -7.3885902808630606E+00 a       964     1     8     2     4
 -5.4000936857987529E+00 a       965     1     8     2     5
 -1.0331718065308477E+00 a       966     1     8     2     6
 -1.7941199909541510E+00 a       967     1     8     2     7
  1.3419196808114430E+01 a       968     1     8     2     8
 -6.3157141313924354E+00 a       969     1     8     2     9
 -3.5702096072721407E-01 a       970     1     8     2    10
  1.2047752944677330E+00 a       971     1     8     2    11
  8.9713596615524982E-01 a       972     1     8     2    12
 -3.6208429118143948E+00 a       973     1     8     2    13
 -3.0947706075335084E+00 a       974     1     8     2    14
 -2.8714418250878717E+00 a       975     1     8     2    15
  6.6214354596448315E+00 a       976     1     8     2    16
 -2.8815071764327788E-01 a       977     1     8     2    17
 -1.6986245941664289E+00 a       978     1     8     2    18
 -1.3667074038571317E-01 a       979     1     8     2    19
 -8.3398940488592270E+00 a       980     1     8     2    20
  6.5895762472179999E+00 a       981     1     9     2     1
 -3.0740682510850572E+00 a       982     1     9     2     2
 -8.6779571105548978E+00 a       983     1     9     2     3
  2.3060183542397374E+00 a       984     1     9     2     4
  2.9984947311130989E+00 a       985     1     9     2     5
 -3.3429972038271494E+00 a       986     1     9     2     6
  7.6274998605282853E+00 a       987     1     9     2     7
  8.6991518417705738E-03 a       988     1     9     2     8
  2.5451461239640980E+00 a       989     1     9     2     9
 -1.1328514198146633E+00 a       990     1     9     2    10
  1.3923980512956375E+00 a       991     1     9     2    11
  3.9573646142848231E+00 a       992     1     9     2    12
  4.7417964789596772E+00 a       993     1     9     2    13
 -1.6772311928089716E+00 a       994     1     9     2    14
 -6.7652351175567498E+00 a       995     1     9     2    15
 -8.3066593932824662E-01 a       996     1     9     2    16
 -1.7752037994308139E+00 a       997     1     9     2    17
 -1.4555937623069057E-01 a       998     1     9     2    18
 -1.1233861700087839E+00 a       999     1     9     2    19
 -9.4937188722605299E+00 a      1000     1     9     2    20
 -3.9328948263606973E+00 a      1001     1    10     2     1
 -7.2621727826557669E-01 a      1002     1    10     2     2
  3.0076039271652251E+00 a      1003     1    10     2     3
 -7.2468470664697628E+00 a      1004     1    10     2     4
  4.4388738081072256E+00 a      1005     1    10     2     5
 -4.4084976748429416E-01 a      1006     1    10     2     6
  2.1503299014833699E+00 a      1007     1    10     2     7
  2.9858960492057114E+00 a      1008     1    10     2     8
 -6.9851071198106940E+00 a      1009     1    10     2     9
 -7.5738908963490437E-01 a      1010     1    10     2    10
  5.1070315788165512E+00 a      1011     1    10     2    11
 -3.6036601617234170E+00 a      1012     1    10     2    12
  8.4212851470908152E+00 a      1013     1    10     2    13
  6.1608712048415413E+00 a      1014     1    10     2    14
 -1.8586212578227121E+00 a      1015     1    10     2    15
  3.1511953616502759E+00 a      1016     1    10     2    16
  1.7279164113240162E+00 a      1017     1    10     2    17
  2.5341217229441892E+00 a      1018     1    10     2    18
 -5.4535771573025702E+00 a      1019     1    10     2    19
  9.7214370706967159E+00 a      1020     1    10     2    20
  1.4537939736554497E+01 a      1021     1    11     2     1
 -3.6851503351284314E+00 a      1022     1    11     2     2
  2.7533252434785771E+00 a      1023     1    11     2     3
  2.6850131890813880E+00 a      1024     1    11     2     4
  3.7100026855742052E+00 a      1025     1    11     2     5
  1.7195877636810484E+00 a      1026     1    11     2     6
 -1.1472546018189785E+01 a      1027     1    11     2     7
  1.2977543686845561E+01 a      1028     1    11     2     8
 -5.2284671681498880E+00 a      1029     1    11     2     9
  6.4485867124106044E-01 a      1030     1    11     2    10
 -1.5062139707635855E+00 a      1031     1    11     2    11
  5.4583118140533335E-02 a      1032     1    11     2    12
  1.3482461601445650E+00 a      1033     1    11     2    13
  2.5805230846408151E+00 a      1034     1    11     2    14
 -8.7590492506815725E+00 a      1035     1    11     2    15
  3.0470160767903218E+00 a      1036     1    11     2    16
  8.0461695929477786E-02 a      1037     1    11     2    17
  2.4146034317912419E+00 a      1038     1    11     2    18
  1.2408371328168656E+01 a      1039     1    11     2    19
 -1.0158334401366693E-02 a      1040     1    11     2    20
  1.7142021100326610E+00 a      1041     1    12     2     1
 -2.5947329820274976E+00 a      1042     1    12     2     2
 -4.4297752584437537E+00 a      1043     1    12     2     3
 -1.2455340945828670E+00 a      1044     1    12     2     4
  4.8322245482697812E-01 a      1045     1    12     2     5
  7.7150051782720173E+00 a      1046     1    12     2     6
 -6.7485328983293575E+00 a      1047     1    12     2     7
  4.5114580483211936E-01 a      1048     1    12     2     8
 -1.5553614999040533E+00 a      1049     1    12     2     9
  2.5901666278220761E+00 a      1050     1    12     2    10
 -2.7655864707874267E+00 a      1051     1    12     2    11
  2.1114415614645310E+00 a      1052     1    12     2    12
 -7.9061175973821713E+00 a      1053     1    12     2    13
  1.1784159534611168E+01 a      1054     1    12     2    14
  4.4800073731736867E-01 a      1055     1    12     2    15
 -2.8175781957038613E+00 a      1056     1    12     2    16
 -3.4090943048611810E-01 a      1057     1    12     2    17
 -1.6110360476977907E+00 a      1058     1    12     2    18
 -4.2633947839462962E+00 a      1059     1    12     2    19
  6.9403562505649807E+00 a      1060     1    12     2    20
  4.2349113638773535E+00 a      1061     1    13     2     1
  1.8738251688459493E+00 a      1062     1    13     2     2
 -3.6976051955349815E-01 a      1063     1    13     2     3
  1.3308635765140848E+00 a      1064     1    13     2     4
  5.0161207447119818E+00 a      1065     1    13     2     5
 -1.1738691293397010E+00 a      1066     1    13     2     6
  3.5098633687001048E+00 a      1067     1    13     2     7
  3.9153745592624373E-01 a      1068     1    13     2     8
  4.6551463501359356E+00 a      1069     1    13     2     9
  2.8302696954938957E+00 a      1070     1    13     2    10
 -1.7117481139657194E+00 a      1071     1    13     2    11
  2.7303980562736712E+00 a      1072     1    13     2    12
 -2.1172182054325436E-01 a      1073     1    13     2    13
 -4.5118381061172075E+00 a      1074     1    13     2    14
  2.6119141741852867E+00 a      1075     1    13     2    15
 -1.2952787314230441E-01 a      1076     1    13     2    16
 -5.9832314840808793E+00 a      1077     1    13     2    17
 -2.1260155490358321E+00 a      1078     1    13     2    18
 -3.8972985117753574E+00 a      1079     1    13     2    19
 -5.0854252675334655E+00 a      1080     1    13     2    20
  2.0244631276644007E+00 a      1081     1    14     2     1
  3.4826089489713357E+00 a      1082     1    14     2     2
  7.4389225339237939E+00 a      1083     1    14     2     3
  1.1508349618780368E+01 a      1084     1    14     2     4
 -1.2968365272812953E+01 a      1085     1    14     2     5
  5.1811060601620538E+00 a      1086     1    14     2     6
  1.2300047810702972E+01 a      1087     1    14     2     7
 -3.2344848662588852E+00 a      1088     1    14     2     8
  4.3600742747433179E+00 a      1089     1    14     2     9
  2.7930062400094546E-01 a      1090     1    14     2    10
  5.4891992881133733E-01 a      1091     1    14     2    11
  3.0073597294312329E+00 a      1092     1    14     2    12
  1.2986610987585074E+00 a      1093     1    14     2    13
 -2.8173568133895777E+00 a      1094     1    14     2    14
 -1.6442857415780920E-01 a      1095     1    14     2    15
 -1.9270645277211971E+00 a      1096     1    14     2    16
  7.0645441007598231E-02 a      1097     1    14     2    17
  1.6686514692966008E+00 a      1098     1    14     2    18
  5.4833798618253491E+00 a      1099     1    14     2    19
 -4.4792192274169356E+00 a      1100     1    14     2    20
  8.3661563540122164E-01 a      1101     1    15     2     1
 -2.6227718681140766E-01 a      1102     1    15     2     2
  1.4796300102466391E+00 a      1103     1    15     2     3
 -3.4692745245190806E+00 a      1104     1    15     2     4
  3.3892015600718515E+00 a      1105     1    15     2     5
 -6.6669587542593254E+00 a      1106     1    15     2     6
 -4.3478295750619550E-01 a      1107     1    15     2     7
  1.5510943307435698E+00 a      1108     1    15     2     8
  4.6374522552222093E+00 a      1109     1    15     2     9
 -1.9955394603116738E+00 a      1110     1    15     2    10
  1.3775299064846769E+00 a      1111     1    15     2    11
  3.5549225845010888E+00 a      1112     1    15     2    12
  1.4404301596135776E+01 a      1113     1    15     2    13
 -2.0513750310613570E+01 a      1114     1    15     2    14
 -9.9389425593183800E-01 a      1115     1    15     2    15
 -1.0975926768328614E+00 a      1116     1    15     2    16
 -2.1609401749962314E+00 a      1117     1    15     2    17
  2.7136143281117100E+00 a      1118     1    15     2    18
  4.3930660810405842E+00 a      1119     1    15     2    19
 -1.6294758265884921E+00 a      1120     1    15     2    20
 -5.9825256277070036E+00 a      1121     1    16     2     1
  4.6720757560675157E+00 a      1122     1    16     2     2
 -1.5746963553742273E+00 a      1123     1    16     2     3
  1.0056369734100182E+01 a      1124     1    16     2     4
 -1.8022527522038927E+00 a      1125     1    16     2     5
  1.1598866915682078E+00 a      1126     1    16     2     6
 -2.2456629975861939E+00 a      1127     1    16     2     7
  3.0826818152789452E+00 a      1128     1    16     2     8
  5.6810254097593624E+00 a      1129     1    16     2     9
 -7.8261820028306883E-01 a      1130     1    16     2    10
  3.5514092886504804E-02 a      1131     1    16     2    11
  1.8403232846951516E+00 a      1132     1    16     2    12
  1.5951428630908614E+01 a      1133     1    16     2    13
  2.6450635451749762E+00 a      1134     1    16     2    14
 -1.0042050165578662E+00 a      1135     1    16     2    15
 -4.5712597268916149E+00 a      1136     1    16     2    16
 -4.6962884900885093E+00 a      1137     1    16     2    17
  1.7246103038121001E+00 a      1138     1    16     2    18
  6.0094691364418571E+00 a      1139     1    16     2    19
 -7.7709072931852576E+00 a      1140     1    16     2    20
  6.9076976710849207E+00 a      1141     1    17     2     1
  6.1921913596672651E-01 a      1142     1    17     2     2
  7.4164574149990592E-01 a      1143     1    17     2     3
  5.1434691951862888E-01 a      1144     1    17     2     4
 -4.0917235618143053E+00 a      1145     1    17     2     5
  4.5397205163284404E+00 a      1146     1    17     2     6
  2.8646333922835771E-01 a      1147     1    17     2     7
 -1.1458208852940460E+01 a      1148     1    17     2     8
 -2.3841748675384802E-01 a      1149     1    17     2     9
 -3.0356031332789457E-01 a      1150     1    17     2    10
 -4.1141367885926511E-01 a      1151     1    17     2    11
 -3.5561494008995527E+00 a      1152     1    17     2    12
 -8.5301357601608849E+00 a      1153     1    17     2    13
 -8.5411915952575435E-01 a      1154     1    17     2    14
 -1.0587711254874312E+00 a      1155     1    17     2    15
 -2.1022313875175498E+00 a      1156     1    17     2    16
  3.3256353581473967E+00 a      1157     1    17     2    17
  8.0669663470467878E-01 a      1158     1    17     2    18
  4.9460687955546545E+00 a      1159     1    17     2    19
  1.0141967493826311E+01 a      1160     1    17     2    20
 -1.5675256814379634E+00 a      1161     1    18     2     1
  2.3182065382177379E+00 a      1162     1    18     2     2
 -2.7676766926015883E+00 a      1163     1    18     2     3
  2.1202885243691512E+00 a      1164     1    18     2     4
  3.5962129433831587E+00 a      1165     1    18     2     5
 -1.9636139866950406E+00 a      1166     1    18     2     6
 -2.1136672596104757E+00 a      1167     1    18     2     7
  9.1844153103346349E-01 a      1168     1    18     2     8
  9.5386486434611601E+00 a      1169     1    18     2     9
 -3.8465875424878823E-02 a      1170     1    18     2    10
 -2.6188975064656406E-01 a      1171     1    18     2    11
  4.6417163180940463E-01 a      1172     1    18     2    12
  1.4331171477475342E+00 a      1173     1    18     2    13
  4.5949592592690900E+00 a      1174     1    18     2    14
 -4.5070020153256385E+00 a      1175     1    18     2    15
 -2.3476216402134180E+00 a      1176     1    18     2    16
 -1.2835143246221452E+00 a      1177     1    18     2    17
 -7.1453533539877634E-01 a      1178     1    18     2    18
 -4.0508645990543263E-01 a      1179     1    18     2    19
 -2.7082938893856920E+00 a      1180     1    18     2    20
  2.5848059848775469E+00 a      1181     1    19     2     1
 -9.3779793833386638E+00 a      1182     1    19     2     2
 -2.3158811342665664E+00 a      1183     1    19     2     3
 -3.2492688588127767E+00 a      1184     1    19     2     4
 -7.3439875568778294E+00 a      1185     1    19     2     5
  3.9638561133019006E+00 a      1186     1    19     2     6
 -1.0740867150245690E+00 a      1187     1    19     2     7
  4.4451033408797906E+00 a      1188     1    19     2     8
 -3.9031926165243869E+00 a      1189     1    19     2     9
 -7.2778415529673668E-01 a      1190     1    19     2    10
 -9.3120837441084037E-01 a      1191     1    19     2    11
 -5.6615141849510664E-01 a      1192     1    19     2    12
 -2.6527178451597657E+00 a      1193     1    19     2    13
  6.7434223230364632E+00 a      1194     1    19     2    14
  7.9333660073089964E+00 a      1195     1    19     2    15
  2.0024859716857044E+00 a      1196     1    19     2    16
  1.7518852515238517E+00 a      1197     1    19     2    17
 -4.9585533401713794E-01 a      1198     1    19     2    18
 -1.0744077744792662E+01 a      1199     1    19     2    19
  3.6855284661485403E+00 a      1200     1    19     2    20
  1.5235250227667965E+00 a      1201     1    20     2     1
 -1.0529066110756478E+00 a      1202     1    20     2     2
 -5.0385719100490105E+00 a      1203     1    20     2     3
  3.9416935481979700E+00 a      1204     1    20     2     4
 -7.8439370680753007E-01 a      1205     1    20     2     5
 -1.3346833803576572E-01 a      1206     1    20     2     6
 -2.8250384919607940E+00 a      1207     1    20     2     7
 -2.2238308193744576E+00 a      1208     1    20     2     8
 -1.2000308021514583E+01 a      1209     1    20     2     9
 -1.0826476756946366E+00 a      1210     1    20     2    10
 -1.9875262787589651E+00 a      1211     1    20     2    11
 -6.5961047624073987E-01 a      1212     1    20     2    12
 -3.0913734468523568E-01 a      1213     1    20     2    13
  9.6688916301127250E+00 a      1214     1    20     2    14
 -3.3913340708038429E+00 a      1215     1    20     2    15
  8.5062119473028375E-01 a      1216     1    20     2    16
 -1.2078132401480886E+00 a      1217     1    20     2    17
  8.4832593501848863E-01 a      1218     1    20     2    18
 -2.3436777345266349E-01 a      1219     1    20     2    19
  4.5383273331437773E-01 a      1220     1    20     2    20
 -1.8311465057914688E+01 b      1221     2     1
  9.9458583091239401E+00 b      1222     2     2
  1.7746653259783802E+01 b      1223     2     3
  1.1589621133978108E+01 b      1224     2     4
 -1.2556444163504478E+01 b      1225     2     5
 -3.2392572622826403E+00 b      1226     2     6
  1.2667154223817993E+01 b      1227     2     7
 -5.8313788157226010E-01 b      1228     2     8
  2.0301035719750150E+01 b      1229     2     9
 -3.6650677975536916E+00 b      1230     2    10
 -3.2248036014730780E-02 b      1231     2    11
  9.8920816236251188E+00 b      1232     2    12
  9.3881746894634617E+00 b      1233     2    13
 -3.1741101191208262E+01 b      1234     2    14
 -2.1599964813208183E+00 b      1235     2    15
  5.9546373434221955E-01 b      1236     2    16
 -6.7500295320109025E+00 b      1237     2    17
  1.6643453761646461E+00 b      1238     2    18
  5.0125675015674194E+00 b      1239     2    19
 -1.6688456080813147E+01 b      1240     2    20
  1.3637007695120557E-01 a      1241     2     1     3     1
 -2.8272646650784444E-01 a      1242     2     2     3     1
 -8.3913569373019359E-02 a      1243     2     3     3     1
 -1.6725558744014046E-01 a      1244     2     4     3     1
  3.0178347082220230E-01 a      1245     2     5     3     1
  1.8077121826651657E-01 a      1246     2     6     3     1
 -2.4006599694133438E-01 a      1247     2     7     3     1
 -2.6085262803514764E-01 a      1248     2     8     3     1
  9.6244877155298322E-02 a      1249     2     9     3     1
 -4.9134771790314935E-01 a      1250     2    10     3     1
 -1.3822477426414967E+00 a      1251     2    11     3     1
 -4.2619536164801713E-01 a      1252     2    12     3     1
 -1.6166831381735636E-01 a      1253     2    13     3     1
 -1.9807576863724707E-01 a      1254     2    14     3     1
 -1.6403982403678613E-01 a      1255     2    15     3     1
 -1.6473558159567778E-01 a      1256     2    16     3     1
  1.9709545989307561E-01 a      1257     2    17     3     1
  1.8604920461607649E-01 a      1258     2    18     3     1
  1.8612610788451675E-01 a      1259     2    19     3     1
 -1.5435933768255428E-01 a      1260     2    20     3     1
  7.1259824851560538E-01 b      1261     3     1
