################################################################################
# Neural network connection values (weights and biases).
################################################################################
# Col  Name       Description
################################################################################
# 1    connection Neural network connection value.
# 2    t          Connection type (a = weight, b = bias).
# 3    index      Index enumerating weights.
# 4    l_s        Starting point layer (end point layer for biases).
# 5    n_s        Starting point neuron in starting layer (end point neuron for biases).
# 6    l_e        End point layer.
# 7    n_e        End point neuron in end layer.
################################################################################
#                      1 2         3     4     5     6     7
#             connection t     index   l_s   n_s   l_e   n_e
############################################################
 -8.2886124475349998E+00 a         1     0     1     1     1
 -1.2973254411959788E+01 a         2     0     1     1     2
  1.8544948500446225E+01 a         3     0     1     1     3
 -3.2085717734431651E+00 a         4     0     1     1     4
 -7.1720686267284837E+00 a         5     0     1     1     5
  1.3639608127819679E+01 a         6     0     1     1     6
 -9.1242083842932917E+00 a         7     0     1     1     7
 -1.6151034960958490E+00 a         8     0     1     1     8
 -7.2864626649836524E+00 a         9     0     1     1     9
  5.5643093172329268E+00 a        10     0     1     1    10
  4.9357266649664755E+00 a        11     0     1     1    11
 -6.1654758537415209E+00 a        12     0     1     1    12
 -2.7020746498829000E+00 a        13     0     1     1    13
 -1.0448112303225118E+01 a        14     0     1     1    14
  1.2785372269394136E+01 a        15     0     1     1    15
 -2.3102571843199717E+00 a        16     0     1     1    16
 -2.8788585029045148E+01 a        17     0     1     1    17
  1.7777702249684307E+01 a        18     0     1     1    18
  1.1058560752698662E+01 a        19     0     1     1    19
  1.0817410082839489E+01 a        20     0     1     1    20
  5.2939101229751166E+00 a        21     0     2     1     1
  7.6185273474674398E-01 a        22     0     2     1     2
  6.1570943687549020E+00 a        23     0     2     1     3
 -1.6098568292158827E+01 a        24     0     2     1     4
 -2.0456431179869494E+01 a        25     0     2     1     5
  5.4260997802227688E+00 a        26     0     2     1     6
 -9.3664775100622162E+00 a        27     0     2     1     7
  6.5653363351803478E+00 a        28     0     2     1     8
  2.1741698964227325E+00 a        29     0     2     1     9
  6.4998247380413421E+00 a        30     0     2     1    10
  2.2363682624494845E+00 a        31     0     2     1    11
  1.6818514162698619E+01 a        32     0     2     1    12
 -1.3682776103301499E+00 a        33     0     2     1    13
  1.1949025517427030E+01 a        34     0     2     1    14
 -9.4236589117079428E-01 a        35     0     2     1    15
 -1.8018990585439457E+01 a        36     0     2     1    16
  1.0793856403801962E+00 a        37     0     2     1    17
  3.3471222869985446E+00 a        38     0     2     1    18
  6.7374229123256786E+00 a        39     0     2     1    19
 -1.6199796274070508E+01 a        40     0     2     1    20
 -1.8944700296827899E+00 a        41     0     3     1     1
  1.1908355319206624E+01 a        42     0     3     1     2
  4.5165317457553256E+00 a        43     0     3     1     3
 -1.2094619644806807E+01 a        44     0     3     1     4
  6.3516040338837412E+00 a        45     0     3     1     5
 -3.0800066981273262E+00 a        46     0     3     1     6
  1.4494965342196121E+01 a        47     0     3     1     7
 -5.6327399186071530E+00 a        48     0     3     1     8
  2.2946188053162107E+01 a        49     0     3     1     9
 -5.1123088297779606E+00 a        50     0     3     1    10
  8.7747556161446525E+00 a        51     0     3     1    11
 -9.0543951288868278E+00 a        52     0     3     1    12
 -1.4436326480550612E+00 a        53     0     3     1    13
 -6.7702804797223326E+00 a        54     0     3     1    14
 -8.3218441334756079E+00 a        55     0     3     1    15
 -1.1246287647915651E+01 a        56     0     3     1    16
  1.1829283448158851E+01 a        57     0     3     1    17
 -1.4198910531934480E+01 a        58     0     3     1    18
 -1.3195534229759508E+01 a        59     0     3     1    19
  1.2732882669744626E+01 a        60     0     3     1    20
  1.5904444890430486E-01 a        61     0     4     1     1
  3.1254269365709302E+00 a        62     0     4     1     2
 -2.0029991830864988E+00 a        63     0     4     1     3
  5.9447595560684334E+00 a        64     0     4     1     4
  7.3776996093395422E+00 a        65     0     4     1     5
  1.9597367966934567E+00 a        66     0     4     1     6
  1.7134456291381721E+01 a        67     0     4     1     7
 -3.2763448205700341E+00 a        68     0     4     1     8
 -1.4562342900648648E+01 a        69     0     4     1     9
 -1.6740358354001305E+01 a        70     0     4     1    10
 -5.1627578434414900E+00 a        71     0     4     1    11
 -1.5991123651821969E+01 a        72     0     4     1    12
 -5.2792131817535477E+00 a        73     0     4     1    13
 -8.1989373441218980E+00 a        74     0     4     1    14
 -6.9849441322544177E+00 a        75     0     4     1    15
 -1.0850279899123141E+01 a        76     0     4     1    16
  1.5390909071656418E+01 a        77     0     4     1    17
 -2.7162805920595252E+00 a        78     0     4     1    18
 -1.8160575164069079E+00 a        79     0     4     1    19
  8.1434332006873564E+00 a        80     0     4     1    20
  1.0521626447548862E+00 a        81     0     5     1     1
  9.6991907661326486E+00 a        82     0     5     1     2
 -5.1210262025191255E+00 a        83     0     5     1     3
  3.2147373047548826E+00 a        84     0     5     1     4
 -1.1286012871364148E+01 a        85     0     5     1     5
 -2.9197446095738485E+01 a        86     0     5     1     6
 -1.3691153846711698E+01 a        87     0     5     1     7
  1.3957833350675985E+01 a        88     0     5     1     8
  4.9963538109852630E+00 a        89     0     5     1     9
 -2.3010686926022204E+00 a        90     0     5     1    10
  1.4197810405277931E+01 a        91     0     5     1    11
  5.5930848636486736E+00 a        92     0     5     1    12
 -1.3166345336292494E+01 a        93     0     5     1    13
 -4.6221846704887799E+00 a        94     0     5     1    14
 -9.1498503292491602E+00 a        95     0     5     1    15
 -4.5194440119344614E+00 a        96     0     5     1    16
  2.8138076774545624E+00 a        97     0     5     1    17
  2.6523915833286602E+00 a        98     0     5     1    18
  1.2824378576973654E+01 a        99     0     5     1    19
  6.5209203728577876E+00 a       100     0     5     1    20
  9.2394814030522774E+00 a       101     0     6     1     1
 -3.9701044173897175E+00 a       102     0     6     1     2
  1.3731356907969572E+00 a       103     0     6     1     3
 -6.5548365456896835E+00 a       104     0     6     1     4
  2.2457136404047642E+01 a       105     0     6     1     5
  2.6381464375817814E+00 a       106     0     6     1     6
 -2.5711764277087834E+01 a       107     0     6     1     7
 -3.2726785198419741E+01 a       108     0     6     1     8
 -2.3239383083414517E-01 a       109     0     6     1     9
  5.2747275147974468E+00 a       110     0     6     1    10
 -7.0577776112145223E+00 a       111     0     6     1    11
  7.2392213138734380E+00 a       112     0     6     1    12
  1.3677898828351617E+01 a       113     0     6     1    13
  2.0649482693390397E+01 a       114     0     6     1    14
  1.0497146783540806E+01 a       115     0     6     1    15
  2.6887006182579373E+01 a       116     0     6     1    16
 -1.1680299668289548E+01 a       117     0     6     1    17
  4.4064390942642797E+00 a       118     0     6     1    18
 -6.5926794852975084E+00 a       119     0     6     1    19
 -5.9994454439885923E+00 a       120     0     6     1    20
 -2.7147053417007494E+00 a       121     0     7     1     1
  5.5924551413684398E+00 a       122     0     7     1     2
 -5.8717891669412996E+00 a       123     0     7     1     3
  4.9449760098893023E+00 a       124     0     7     1     4
  1.3345041191441733E+00 a       125     0     7     1     5
  5.3499831787766512E+00 a       126     0     7     1     6
 -1.8781133857357183E+01 a       127     0     7     1     7
  5.7918049570956214E+00 a       128     0     7     1     8
  8.7134726974082568E+00 a       129     0     7     1     9
  2.2414268293997721E+00 a       130     0     7     1    10
  1.4029691149382986E+01 a       131     0     7     1    11
  7.6123108307734881E+00 a       132     0     7     1    12
  9.4529646509245335E-01 a       133     0     7     1    13
  1.0639933087091460E+01 a       134     0     7     1    14
 -2.2979877724088659E+01 a       135     0     7     1    15
 -5.9778348399326218E+00 a       136     0     7     1    16
  2.1354981762113749E+01 a       137     0     7     1    17
 -2.4475917386683017E+00 a       138     0     7     1    18
  1.4355259606831405E+01 a       139     0     7     1    19
  5.0390302368297313E+00 a       140     0     7     1    20
  6.5030252804172317E-01 a       141     0     8     1     1
  1.1375415725066697E+01 a       142     0     8     1     2
  6.8127686685914366E+00 a       143     0     8     1     3
  1.8169867951887010E+01 a       144     0     8     1     4
 -2.3914838372658334E+01 a       145     0     8     1     5
 -1.6269796309300283E+01 a       146     0     8     1     6
  1.8170125090386581E+01 a       147     0     8     1     7
  3.5723487013180315E+00 a       148     0     8     1     8
 -5.5696882623565234E+00 a       149     0     8     1     9
 -3.7464426775510487E+00 a       150     0     8     1    10
 -6.9196918580078988E+00 a       151     0     8     1    11
 -7.3968553870993521E+00 a       152     0     8     1    12
 -1.6205182949133916E+00 a       153     0     8     1    13
  8.8664599696453088E+00 a       154     0     8     1    14
  8.3184012953915385E+00 a       155     0     8     1    15
 -1.4048766722448172E+00 a       156     0     8     1    16
 -4.0820019952433208E-02 a       157     0     8     1    17
 -5.6316991585395237E-01 a       158     0     8     1    18
  5.6043416862879267E+00 a       159     0     8     1    19
  1.0441310202670067E+01 a       160     0     8     1    20
  8.9465565279219084E-01 a       161     0     9     1     1
  7.8510047931175402E+00 a       162     0     9     1     2
  2.3214970887951907E+00 a       163     0     9     1     3
  1.0353702297488022E+01 a       164     0     9     1     4
 -4.3907237414450826E+00 a       165     0     9     1     5
 -6.8227890028626295E+00 a       166     0     9     1     6
 -5.6888020731274098E+00 a       167     0     9     1     7
 -4.8037419409514754E+00 a       168     0     9     1     8
 -7.8421401892738940E+00 a       169     0     9     1     9
  3.0143953122178844E+00 a       170     0     9     1    10
 -5.4565435836936604E-01 a       171     0     9     1    11
  1.2605364375674772E+00 a       172     0     9     1    12
 -4.9346536309364719E+00 a       173     0     9     1    13
  4.0582387911989501E+00 a       174     0     9     1    14
  7.6156719037642793E+00 a       175     0     9     1    15
 -3.0046462235671356E+00 a       176     0     9     1    16
 -1.7833973829014898E+01 a       177     0     9     1    17
 -4.6129033294680859E+00 a       178     0     9     1    18
  1.3606118494779801E-01 a       179     0     9     1    19
 -1.2665235135764622E+01 a       180     0     9     1    20
 -2.2053682336213889E+00 a       181     0    10     1     1
 -8.5979532256582090E+00 a       182     0    10     1     2
 -7.2611578071244249E+00 a       183     0    10     1     3
  7.5017402467367260E+00 a       184     0    10     1     4
  1.2672195358455627E+00 a       185     0    10     1     5
  1.5123794261736911E+01 a       186     0    10     1     6
 -1.4953069250100032E+01 a       187     0    10     1     7
 -3.0329216219218971E+00 a       188     0    10     1     8
 -1.1562155019020421E+00 a       189     0    10     1     9
  1.2415590366251935E+01 a       190     0    10     1    10
 -8.9874494253163750E-01 a       191     0    10     1    11
  2.2740165505795349E+00 a       192     0    10     1    12
 -1.0401267443264246E+01 a       193     0    10     1    13
  2.3004400332723496E-01 a       194     0    10     1    14
  3.7886419582316768E+00 a       195     0    10     1    15
  9.2209288458601679E-01 a       196     0    10     1    16
 -6.1767995747912838E+00 a       197     0    10     1    17
  2.5072285978155424E+00 a       198     0    10     1    18
 -1.3828990460672955E-01 a       199     0    10     1    19
 -1.7552992985160436E+01 a       200     0    10     1    20
 -3.0800746574240669E+00 a       201     0    11     1     1
 -5.4776505388045837E+00 a       202     0    11     1     2
 -2.4887383852450076E+00 a       203     0    11     1     3
 -1.0557487836808344E+01 a       204     0    11     1     4
  1.5459569244164697E+00 a       205     0    11     1     5
  7.8905519705453058E+00 a       206     0    11     1     6
  1.2907793383741146E+00 a       207     0    11     1     7
  1.5617774068938788E+01 a       208     0    11     1     8
  1.1733077378348544E+00 a       209     0    11     1     9
  2.4744281610176397E+00 a       210     0    11     1    10
  5.5531463026216787E+00 a       211     0    11     1    11
  4.7056139162669233E+00 a       212     0    11     1    12
  8.9285808628829741E+00 a       213     0    11     1    13
 -3.5934697246363352E+00 a       214     0    11     1    14
 -1.6011066654672943E+00 a       215     0    11     1    15
 -3.6983141333047198E-02 a       216     0    11     1    16
  4.9590550331035494E+00 a       217     0    11     1    17
  1.5382698008297422E+00 a       218     0    11     1    18
  5.1697693320624474E+00 a       219     0    11     1    19
  1.3782701967071015E+01 a       220     0    11     1    20
  6.0876933930362940E+00 a       221     0    12     1     1
  7.0740309115002322E+00 a       222     0    12     1     2
 -6.1695606121377446E+00 a       223     0    12     1     3
  4.8305696439464159E+00 a       224     0    12     1     4
 -2.1582600624341008E+00 a       225     0    12     1     5
 -1.7750859727428046E+00 a       226     0    12     1     6
  6.1385578216200685E+00 a       227     0    12     1     7
  6.5889931317286390E+00 a       228     0    12     1     8
  5.8248012586677635E+00 a       229     0    12     1     9
 -1.0539720736703329E+01 a       230     0    12     1    10
 -3.1267027086363721E+00 a       231     0    12     1    11
 -7.9489471994645688E+00 a       232     0    12     1    12
  1.7256904044443854E+01 a       233     0    12     1    13
 -4.0321554072300314E+00 a       234     0    12     1    14
 -3.1107297359510167E+00 a       235     0    12     1    15
  8.9195459283857854E+00 a       236     0    12     1    16
  6.5153841981819287E+00 a       237     0    12     1    17
  6.1103715653507862E-02 a       238     0    12     1    18
 -5.9489323009618078E-01 a       239     0    12     1    19
  1.0241626996296707E+01 a       240     0    12     1    20
  1.9759638135783174E+01 a       241     0    13     1     1
  1.4300271174027731E+01 a       242     0    13     1     2
 -8.0117130671819705E+00 a       243     0    13     1     3
  1.7620108172325812E+00 a       244     0    13     1     4
  5.4690059056896230E+00 a       245     0    13     1     5
 -1.7113419097069386E+01 a       246     0    13     1     6
 -1.9152783037147501E+01 a       247     0    13     1     7
  3.2687126612157435E+01 a       248     0    13     1     8
  1.3563549002863297E+01 a       249     0    13     1     9
 -1.7452581276063810E+01 a       250     0    13     1    10
  6.7056464474855577E+00 a       251     0    13     1    11
 -2.5351447695028941E+01 a       252     0    13     1    12
 -4.1650548856796998E+00 a       253     0    13     1    13
  1.4708912362662446E+01 a       254     0    13     1    14
 -2.6555754774555416E+00 a       255     0    13     1    15
 -5.7532524847422959E+00 a       256     0    13     1    16
 -4.0954713612397313E+01 a       257     0    13     1    17
  5.1049671614887373E+00 a       258     0    13     1    18
 -3.2608113798223886E+00 a       259     0    13     1    19
 -8.4986289826607209E+00 a       260     0    13     1    20
  1.3374037596273833E+01 a       261     0    14     1     1
 -9.4477821032328322E+00 a       262     0    14     1     2
  1.2675704841222215E+01 a       263     0    14     1     3
  1.6803019430350478E+01 a       264     0    14     1     4
  7.4334745999005980E+00 a       265     0    14     1     5
  6.4046701054872193E+00 a       266     0    14     1     6
 -3.1817221994430414E+00 a       267     0    14     1     7
 -5.1579935087093114E+00 a       268     0    14     1     8
  3.0626128206548403E-01 a       269     0    14     1     9
  1.2854512667369555E+01 a       270     0    14     1    10
  2.9862307365138291E-01 a       271     0    14     1    11
  8.4009383578750683E+00 a       272     0    14     1    12
 -1.6489911743140446E+01 a       273     0    14     1    13
 -1.5516484512871465E+00 a       274     0    14     1    14
 -2.1728403603048502E+01 a       275     0    14     1    15
  5.2040303048480361E+00 a       276     0    14     1    16
  3.8709867649833979E-01 a       277     0    14     1    17
  8.6169171191329959E+00 a       278     0    14     1    18
  7.5102096289069875E-01 a       279     0    14     1    19
 -2.4469012491883251E+00 a       280     0    14     1    20
  4.8780919521545165E+00 a       281     0    15     1     1
 -1.4370114855020990E+01 a       282     0    15     1     2
  6.6010763296955295E+00 a       283     0    15     1     3
 -2.2514569972543068E+01 a       284     0    15     1     4
 -1.0991504504475536E+01 a       285     0    15     1     5
 -4.2450492863902642E+00 a       286     0    15     1     6
 -5.3763349810319632E+00 a       287     0    15     1     7
  2.7801609513366259E+00 a       288     0    15     1     8
  1.8621379510276281E+01 a       289     0    15     1     9
 -4.8500334054954388E+00 a       290     0    15     1    10
 -1.0811966620417293E+00 a       291     0    15     1    11
 -1.3196589446341582E+00 a       292     0    15     1    12
  7.5805614856692785E+00 a       293     0    15     1    13
  5.7900063492700946E+00 a       294     0    15     1    14
  7.8554339504904540E+00 a       295     0    15     1    15
  3.0319462193174678E+00 a       296     0    15     1    16
  2.0124653577807909E+01 a       297     0    15     1    17
 -4.5744960976714681E+00 a       298     0    15     1    18
 -2.8645522919835734E+01 a       299     0    15     1    19
  9.0792104368202988E+00 a       300     0    15     1    20
  9.6945222586227402E+00 a       301     0    16     1     1
 -1.1322763049714689E+01 a       302     0    16     1     2
  1.5625081818441641E+01 a       303     0    16     1     3
  1.3934907168881066E+01 a       304     0    16     1     4
  5.3077819868377194E+00 a       305     0    16     1     5
  3.7976254064520303E+00 a       306     0    16     1     6
 -1.1659696785676010E+01 a       307     0    16     1     7
 -6.6939350616796380E+00 a       308     0    16     1     8
  2.7370201260294307E+00 a       309     0    16     1     9
  1.1928765581340983E+01 a       310     0    16     1    10
  1.4754423578228246E+00 a       311     0    16     1    11
  1.0855360622326691E+01 a       312     0    16     1    12
 -1.7833745709752765E+01 a       313     0    16     1    13
 -7.1424536450589660E-01 a       314     0    16     1    14
 -1.8850210215165763E+01 a       315     0    16     1    15
  1.7775495347922279E+00 a       316     0    16     1    16
  4.2211587751674129E+00 a       317     0    16     1    17
  6.8863811615582504E+00 a       318     0    16     1    18
  9.6464644467121119E-01 a       319     0    16     1    19
  4.6438432645031504E+00 a       320     0    16     1    20
  5.0310179985201664E+00 a       321     0    17     1     1
  2.1192272202202709E+00 a       322     0    17     1     2
  2.5507941100234843E+00 a       323     0    17     1     3
 -2.8075472038061147E+00 a       324     0    17     1     4
 -1.9755678153516453E+01 a       325     0    17     1     5
  5.2556738202487123E+00 a       326     0    17     1     6
 -9.2371583241115882E+00 a       327     0    17     1     7
 -2.2610037853540462E+01 a       328     0    17     1     8
  2.4031071253880345E+00 a       329     0    17     1     9
  7.1219690758851417E+00 a       330     0    17     1    10
  1.4546123442152307E+01 a       331     0    17     1    11
  5.4550897338910156E+00 a       332     0    17     1    12
  5.6368540117186745E+00 a       333     0    17     1    13
  8.5644339857124532E+00 a       334     0    17     1    14
 -4.3698776473983241E+00 a       335     0    17     1    15
 -7.8797279139533929E+00 a       336     0    17     1    16
  3.5643645473652557E+00 a       337     0    17     1    17
 -1.2060283112905086E-01 a       338     0    17     1    18
  1.2001627813543486E+01 a       339     0    17     1    19
 -2.5818621047785868E+01 a       340     0    17     1    20
 -2.3496972625388832E+01 a       341     0    18     1     1
 -7.0424951673905767E+00 a       342     0    18     1     2
  7.7711448241084042E+00 a       343     0    18     1     3
 -1.5757921094518858E+01 a       344     0    18     1     4
 -2.3636902200943680E+01 a       345     0    18     1     5
  1.5887565024445369E+01 a       346     0    18     1     6
 -1.1272065580646577E+01 a       347     0    18     1     7
  1.5812952078158634E+01 a       348     0    18     1     8
 -1.6104154144069027E+00 a       349     0    18     1     9
 -7.2759007860733522E+00 a       350     0    18     1    10
 -3.9255620050161442E+00 a       351     0    18     1    11
  1.4125953649545462E+01 a       352     0    18     1    12
 -1.2701308425054084E+01 a       353     0    18     1    13
  1.0253578985046733E+01 a       354     0    18     1    14
 -2.0866453262456833E+01 a       355     0    18     1    15
  1.9551678195736212E+01 a       356     0    18     1    16
 -1.5222219763932330E+01 a       357     0    18     1    17
 -2.3992419868572224E+01 a       358     0    18     1    18
  3.9897788372212619E+00 a       359     0    18     1    19
 -8.1075582266485586E+00 a       360     0    18     1    20
 -8.9933788453335080E+00 a       361     0    19     1     1
 -3.9596656530493570E+00 a       362     0    19     1     2
 -2.1349143085368802E+00 a       363     0    19     1     3
  2.5370611996758289E+01 a       364     0    19     1     4
  1.9355799379822809E+01 a       365     0    19     1     5
 -2.8663189253467383E+01 a       366     0    19     1     6
  2.6657126919981482E+00 a       367     0    19     1     7
 -1.1447676235994223E+01 a       368     0    19     1     8
  1.4952732999653715E+01 a       369     0    19     1     9
  2.0075509640071655E+01 a       370     0    19     1    10
  1.8000145774426271E+00 a       371     0    19     1    11
 -8.9384401724306315E+00 a       372     0    19     1    12
 -1.3312215536320975E+01 a       373     0    19     1    13
 -1.4823750931457884E+01 a       374     0    19     1    14
 -6.4080331422704866E+00 a       375     0    19     1    15
  2.6721581395975289E+01 a       376     0    19     1    16
  2.7629773776650488E+01 a       377     0    19     1    17
  3.2689519999532720E+01 a       378     0    19     1    18
 -2.2891199305602800E+01 a       379     0    19     1    19
 -3.1570183825666035E+01 a       380     0    19     1    20
  1.4711470061490887E+01 a       381     0    20     1     1
  1.0530293648883124E+01 a       382     0    20     1     2
 -6.7104090151120319E+00 a       383     0    20     1     3
  1.6973236899771345E+00 a       384     0    20     1     4
  1.5276137010189483E+01 a       385     0    20     1     5
 -1.1519241506819890E+01 a       386     0    20     1     6
 -3.9543435159542123E-01 a       387     0    20     1     7
  3.9973244746133276E+00 a       388     0    20     1     8
  8.3053915268174574E+00 a       389     0    20     1     9
 -8.8556746864637716E+00 a       390     0    20     1    10
 -2.9982588971412014E+01 a       391     0    20     1    11
  6.7339210531133631E+00 a       392     0    20     1    12
 -2.5234434398962605E+01 a       393     0    20     1    13
  5.9963995422263372E-01 a       394     0    20     1    14
  7.7033143423666122E+00 a       395     0    20     1    15
  4.9716258650685017E+00 a       396     0    20     1    16
 -1.3460941815972797E+01 a       397     0    20     1    17
  1.6613171707388315E+01 a       398     0    20     1    18
 -2.8012331101710775E+00 a       399     0    20     1    19
 -1.2843080297253417E+01 a       400     0    20     1    20
  2.4944964253462349E+01 a       401     0    21     1     1
  9.8767070513005120E+00 a       402     0    21     1     2
  1.6063221819857493E+01 a       403     0    21     1     3
  6.3287149829427980E+00 a       404     0    21     1     4
 -2.0441963483167171E+01 a       405     0    21     1     5
 -1.4573780934103246E+01 a       406     0    21     1     6
 -7.8044944353411516E+00 a       407     0    21     1     7
  2.8403503813721450E+01 a       408     0    21     1     8
  1.3375109842347037E+01 a       409     0    21     1     9
  1.5349449661540047E+00 a       410     0    21     1    10
  2.2688400144021603E+00 a       411     0    21     1    11
 -9.6989443823622370E+00 a       412     0    21     1    12
  9.7861025899603538E-01 a       413     0    21     1    13
  3.5570217821736474E+00 a       414     0    21     1    14
 -5.8014213455456805E+00 a       415     0    21     1    15
  9.7951650869968905E+00 a       416     0    21     1    16
 -2.1160569188264482E+00 a       417     0    21     1    17
 -4.3696557448891875E+00 a       418     0    21     1    18
 -1.0853994808378728E+01 a       419     0    21     1    19
 -3.2177641084733104E+01 a       420     0    21     1    20
  2.7838481901159708E+00 a       421     0    22     1     1
  1.2677078557752898E+01 a       422     0    22     1     2
 -9.7178708295530858E-01 a       423     0    22     1     3
 -2.6973026619782946E+01 a       424     0    22     1     4
  7.1283744543156571E+00 a       425     0    22     1     5
 -9.1514623760107092E+00 a       426     0    22     1     6
  2.6108115357995402E+01 a       427     0    22     1     7
 -7.0282334492039373E+00 a       428     0    22     1     8
 -6.5612978497175316E+00 a       429     0    22     1     9
  1.1099429621906213E+01 a       430     0    22     1    10
 -1.5285424962315716E+01 a       431     0    22     1    11
 -4.8151400029464897E+00 a       432     0    22     1    12
 -2.3332429410577870E+01 a       433     0    22     1    13
  1.1927131803833721E+01 a       434     0    22     1    14
 -2.0411977305429666E+01 a       435     0    22     1    15
  5.9318429356771967E+00 a       436     0    22     1    16
 -1.1606334613117051E+01 a       437     0    22     1    17
 -8.4444448506748575E+00 a       438     0    22     1    18
  1.8316409352627826E+01 a       439     0    22     1    19
  3.4553703693886462E+01 a       440     0    22     1    20
  9.0901275282736798E+00 a       441     0    23     1     1
 -1.4510954391420691E+01 a       442     0    23     1     2
 -4.5176199444871621E+00 a       443     0    23     1     3
 -6.2055419490443802E+00 a       444     0    23     1     4
  3.8546321866132889E+00 a       445     0    23     1     5
 -7.2202330502437064E+00 a       446     0    23     1     6
  1.7222271213732125E+01 a       447     0    23     1     7
  1.4642017958879336E+01 a       448     0    23     1     8
  2.9046888306452572E+00 a       449     0    23     1     9
 -3.8426728368330720E-01 a       450     0    23     1    10
 -1.7190579044037698E+01 a       451     0    23     1    11
  7.1122948118063958E+00 a       452     0    23     1    12
 -4.4151444637434958E+00 a       453     0    23     1    13
  6.5994081868925480E+00 a       454     0    23     1    14
  3.0919208127391156E+00 a       455     0    23     1    15
 -1.6640076733385769E+01 a       456     0    23     1    16
 -6.0678754307642047E+00 a       457     0    23     1    17
  1.0357557208457222E+00 a       458     0    23     1    18
 -2.6859996328534748E+00 a       459     0    23     1    19
  1.0817776979106281E+01 a       460     0    23     1    20
 -4.4602058343209787E+00 a       461     0    24     1     1
 -4.4878003274556360E+00 a       462     0    24     1     2
 -5.2060083153873729E+00 a       463     0    24     1     3
 -1.3408631512774834E+01 a       464     0    24     1     4
  1.6978986340784321E+01 a       465     0    24     1     5
 -3.3604608087066277E+00 a       466     0    24     1     6
  9.6676601516728571E+00 a       467     0    24     1     7
  1.0831167745928534E+00 a       468     0    24     1     8
 -3.7732451539373096E-01 a       469     0    24     1     9
 -1.4207325146286123E-01 a       470     0    24     1    10
 -1.1665339344141075E+00 a       471     0    24     1    11
  1.9188339859063330E+01 a       472     0    24     1    12
 -9.7489668093141670E+00 a       473     0    24     1    13
  1.6771005681094278E+00 a       474     0    24     1    14
 -2.1493654656188252E+00 a       475     0    24     1    15
 -1.0557450240725837E+01 a       476     0    24     1    16
 -4.1540158347869065E+00 a       477     0    24     1    17
 -1.0918711954684099E+01 a       478     0    24     1    18
  1.2600867811250271E+01 a       479     0    24     1    19
 -8.3996374307900599E+00 a       480     0    24     1    20
  3.4766357615630690E+00 a       481     0    25     1     1
 -9.6087111985270663E+00 a       482     0    25     1     2
  7.2829322859898085E+00 a       483     0    25     1     3
  9.4987048129563441E+00 a       484     0    25     1     4
 -1.8156326948977195E+01 a       485     0    25     1     5
  1.2449741013802457E+01 a       486     0    25     1     6
 -3.0527271046469714E+01 a       487     0    25     1     7
  1.9112174259133255E+01 a       488     0    25     1     8
 -1.7180487089438696E+00 a       489     0    25     1     9
 -2.6024327289123987E+00 a       490     0    25     1    10
  2.3951524955438494E-02 a       491     0    25     1    11
 -3.6614610135593377E+00 a       492     0    25     1    12
  9.9184695647013559E+00 a       493     0    25     1    13
 -4.3312181841587094E+00 a       494     0    25     1    14
 -2.6182395699242504E+00 a       495     0    25     1    15
 -4.3032916053187202E+00 a       496     0    25     1    16
  1.2584766377773159E+01 a       497     0    25     1    17
  6.8696060742803189E+00 a       498     0    25     1    18
  2.5603095674329457E+00 a       499     0    25     1    19
  1.2259666897181173E+01 a       500     0    25     1    20
 -9.2969238661192510E-01 a       501     0    26     1     1
 -1.3070488001427381E+00 a       502     0    26     1     2
 -2.8809442807765116E+01 a       503     0    26     1     3
  2.8259559778414109E+00 a       504     0    26     1     4
  1.4318372011590055E+01 a       505     0    26     1     5
 -5.3455140115252515E+00 a       506     0    26     1     6
 -4.9030817952326684E+00 a       507     0    26     1     7
  1.2749504232055655E+01 a       508     0    26     1     8
 -1.5821779691021041E+01 a       509     0    26     1     9
  4.0584359172764017E+00 a       510     0    26     1    10
 -2.2476378363219389E+01 a       511     0    26     1    11
  1.8901915618174247E+01 a       512     0    26     1    12
  6.8870904023016690E+00 a       513     0    26     1    13
 -9.3568846622482038E+00 a       514     0    26     1    14
 -1.1436293424067130E+00 a       515     0    26     1    15
  1.8051312810434386E+01 a       516     0    26     1    16
  9.3819738059725140E+00 a       517     0    26     1    17
 -2.1179742577743710E+01 a       518     0    26     1    18
 -8.4319718722930244E+00 a       519     0    26     1    19
  2.5767006455521604E+00 a       520     0    26     1    20
 -2.4890356464975049E+01 a       521     0    27     1     1
  9.5916834814609975E-01 a       522     0    27     1     2
  5.9056372382330107E+00 a       523     0    27     1     3
  5.4178784293998037E+00 a       524     0    27     1     4
  1.1485182284346603E+01 a       525     0    27     1     5
 -1.4053824156504550E+01 a       526     0    27     1     6
  7.4045872953998879E+00 a       527     0    27     1     7
 -2.6935344092581115E+01 a       528     0    27     1     8
  3.9200955555735231E+00 a       529     0    27     1     9
 -4.6589975328701874E+00 a       530     0    27     1    10
  2.2682025982849385E+01 a       531     0    27     1    11
 -1.0442985694989391E+01 a       532     0    27     1    12
  1.8034047133922911E+01 a       533     0    27     1    13
 -1.1291326089753232E+01 a       534     0    27     1    14
 -2.4655745710694608E+00 a       535     0    27     1    15
  8.9303789397336395E+00 a       536     0    27     1    16
  4.0031603971646071E+01 a       537     0    27     1    17
 -8.1245765923202597E+00 a       538     0    27     1    18
  1.1882747842797880E+01 a       539     0    27     1    19
  3.2174863107336179E+01 a       540     0    27     1    20
  2.2683025960819219E+01 a       541     0    28     1     1
 -6.8660715586768339E-01 a       542     0    28     1     2
 -2.2945805822086083E+01 a       543     0    28     1     3
  3.4462715572452510E+01 a       544     0    28     1     4
  1.1649294185433490E+00 a       545     0    28     1     5
  8.9676540157860369E+00 a       546     0    28     1     6
 -1.2156406166909530E+01 a       547     0    28     1     7
 -1.5036870192768173E+01 a       548     0    28     1     8
 -1.2066135780478394E+01 a       549     0    28     1     9
 -1.8341275922761909E+01 a       550     0    28     1    10
 -1.1590994374883932E+01 a       551     0    28     1    11
 -2.8363498869882382E+00 a       552     0    28     1    12
  1.2503518071967074E+01 a       553     0    28     1    13
 -1.3526432137681798E+01 a       554     0    28     1    14
  3.4093662169916335E+01 a       555     0    28     1    15
  4.5336007169143224E+00 a       556     0    28     1    16
 -2.3109672302578911E+01 a       557     0    28     1    17
 -7.6272529694826618E-02 a       558     0    28     1    18
 -2.2306096731550817E+01 a       559     0    28     1    19
 -7.7394155936189479E+00 a       560     0    28     1    20
 -1.0216203567625384E+00 a       561     0    29     1     1
 -8.0497874662729849E+00 a       562     0    29     1     2
  4.9891177749187650E+00 a       563     0    29     1     3
  2.6516881240905516E+01 a       564     0    29     1     4
  1.8863110927145556E+01 a       565     0    29     1     5
  1.1821594234407613E+01 a       566     0    29     1     6
  1.8817519039765656E+01 a       567     0    29     1     7
  9.0384388469101342E+00 a       568     0    29     1     8
 -2.7412024500302230E+01 a       569     0    29     1     9
  7.2797254380485779E+00 a       570     0    29     1    10
 -2.2059199180599393E+01 a       571     0    29     1    11
 -2.3898803346363710E+01 a       572     0    29     1    12
  9.6575730960637862E-01 a       573     0    29     1    13
 -3.4270909989701551E+01 a       574     0    29     1    14
  2.6397018513575940E+01 a       575     0    29     1    15
  1.7913194530889292E+01 a       576     0    29     1    16
  4.5047042571228646E+00 a       577     0    29     1    17
  5.4284901736126052E+00 a       578     0    29     1    18
 -3.1495543466890346E+00 a       579     0    29     1    19
  2.1311871333556184E+01 a       580     0    29     1    20
 -1.4396682358688725E+01 a       581     0    30     1     1
 -2.0170547325833812E+01 a       582     0    30     1     2
  1.7468021661629323E+00 a       583     0    30     1     3
 -2.4239077173888568E+01 a       584     0    30     1     4
  2.9396741581793556E+01 a       585     0    30     1     5
  1.4061076020913445E+01 a       586     0    30     1     6
  2.3115679672754837E+01 a       587     0    30     1     7
 -2.1093777356321180E+01 a       588     0    30     1     8
  2.0116967200621314E+01 a       589     0    30     1     9
 -4.1564427419272896E+00 a       590     0    30     1    10
 -4.7084306667078550E+00 a       591     0    30     1    11
 -1.0619334373062662E+01 a       592     0    30     1    12
  3.1796897051129545E+01 a       593     0    30     1    13
  5.9555948485223578E+00 a       594     0    30     1    14
 -1.0965346665249063E+01 a       595     0    30     1    15
  7.5486905233434101E+00 a       596     0    30     1    16
 -2.3668292616321153E+01 a       597     0    30     1    17
  1.0078545508697998E+01 a       598     0    30     1    18
  1.4949000565935730E+01 a       599     0    30     1    19
  1.8595355329580613E+01 a       600     0    30     1    20
 -1.7461770486562131E+01 a       601     0    31     1     1
  2.7376777797233158E+00 a       602     0    31     1     2
 -1.7201747481520087E+01 a       603     0    31     1     3
  1.3325223579376644E+01 a       604     0    31     1     4
  3.6210534009452813E+00 a       605     0    31     1     5
  1.2488821760490056E+01 a       606     0    31     1     6
 -1.3369659531929392E+01 a       607     0    31     1     7
 -3.7497949449877224E+00 a       608     0    31     1     8
 -2.2023545790982510E+01 a       609     0    31     1     9
 -1.1510234084606457E+01 a       610     0    31     1    10
  1.1543438258091470E+01 a       611     0    31     1    11
 -2.7979521741614036E+01 a       612     0    31     1    12
 -3.7180748437724467E+00 a       613     0    31     1    13
 -1.4553684738469448E+01 a       614     0    31     1    14
  4.2857148614404466E+01 a       615     0    31     1    15
  4.8662918170463891E+00 a       616     0    31     1    16
  1.2807893125554319E+01 a       617     0    31     1    17
 -2.0489801195716318E+01 a       618     0    31     1    18
 -9.9945977763014184E+00 a       619     0    31     1    19
 -8.0514591196106995E+00 a       620     0    31     1    20
 -1.4444235695478037E+01 a       621     0    32     1     1
  2.1708970484658145E+00 a       622     0    32     1     2
 -7.2454261463658751E+00 a       623     0    32     1     3
 -1.4362407918125278E+01 a       624     0    32     1     4
 -1.6131978052784447E+01 a       625     0    32     1     5
 -2.2077971272092611E+01 a       626     0    32     1     6
  7.5947359398828542E+00 a       627     0    32     1     7
 -1.5106698748739225E+01 a       628     0    32     1     8
 -1.7882988780766129E+00 a       629     0    32     1     9
 -3.2981825835738672E+00 a       630     0    32     1    10
  2.0362831835817818E+01 a       631     0    32     1    11
 -2.9244936067851945E+00 a       632     0    32     1    12
 -2.7134449686980737E+00 a       633     0    32     1    13
  1.9319728810289607E+01 a       634     0    32     1    14
 -1.3155967485738238E+01 a       635     0    32     1    15
 -1.9557974348633902E+01 a       636     0    32     1    16
 -1.6095546873284469E+01 a       637     0    32     1    17
 -2.7821023476499480E+01 a       638     0    32     1    18
 -1.2967746978785108E+01 a       639     0    32     1    19
 -1.3558721286858217E+01 a       640     0    32     1    20
  9.5092701904846404E+00 a       641     0    33     1     1
  1.1301539393838066E+01 a       642     0    33     1     2
  7.8376424462946144E+00 a       643     0    33     1     3
  5.1560360637636142E+00 a       644     0    33     1     4
 -5.7433099392607563E+00 a       645     0    33     1     5
  1.1763338930722419E+01 a       646     0    33     1     6
 -2.3401926585382871E+01 a       647     0    33     1     7
 -1.8140066161315307E+01 a       648     0    33     1     8
 -1.1039494698804155E+00 a       649     0    33     1     9
  4.0626716831641225E+01 a       650     0    33     1    10
 -1.5760385130193606E+01 a       651     0    33     1    11
  1.4637249074405304E+01 a       652     0    33     1    12
  7.0647421960066403E-01 a       653     0    33     1    13
 -2.3245792093325122E+01 a       654     0    33     1    14
  8.7142318729202639E+00 a       655     0    33     1    15
 -2.1870441252444010E+01 a       656     0    33     1    16
  1.8480604406851008E+01 a       657     0    33     1    17
  1.3746816780076488E+01 a       658     0    33     1    18
 -1.6924800360958429E+01 a       659     0    33     1    19
 -8.7689515858824016E+00 a       660     0    33     1    20
  3.8811595851960284E+01 a       661     0    34     1     1
  2.1206176889754222E+01 a       662     0    34     1     2
  1.5166378834278351E+01 a       663     0    34     1     3
 -6.0781431727766542E+00 a       664     0    34     1     4
 -3.1954785996972600E+01 a       665     0    34     1     5
 -1.8500354405527894E+01 a       666     0    34     1     6
 -1.7939006720159615E+01 a       667     0    34     1     7
  5.7408454621243493E+01 a       668     0    34     1     8
 -1.4484120148822135E+00 a       669     0    34     1     9
 -1.9209070284411471E+01 a       670     0    34     1    10
 -3.6085944303780035E+00 a       671     0    34     1    11
  5.0621895109234181E+01 a       672     0    34     1    12
  7.6417940396837256E+00 a       673     0    34     1    13
  1.4426537729889526E+01 a       674     0    34     1    14
 -2.4921180064682499E+01 a       675     0    34     1    15
 -2.3592911387624536E+01 a       676     0    34     1    16
 -3.1149338387143732E+00 a       677     0    34     1    17
 -3.2508171005695199E+00 a       678     0    34     1    18
  1.9037153042095067E+01 a       679     0    34     1    19
  3.0240817786285817E+01 a       680     0    34     1    20
  3.5990473379650014E+00 a       681     0    35     1     1
 -1.0900561344473685E+00 a       682     0    35     1     2
 -3.3189790703008240E+00 a       683     0    35     1     3
  5.6847330716748514E+00 a       684     0    35     1     4
 -1.5689741696954502E+00 a       685     0    35     1     5
 -1.8312212388769642E+00 a       686     0    35     1     6
 -8.0814380761112847E+00 a       687     0    35     1     7
 -7.4869890592641308E+00 a       688     0    35     1     8
 -3.7400569937327170E+00 a       689     0    35     1     9
  5.8333932118430964E-01 a       690     0    35     1    10
  2.3446509866327695E+01 a       691     0    35     1    11
 -5.7620774214981898E+00 a       692     0    35     1    12
 -4.8521464557479215E+00 a       693     0    35     1    13
 -9.3991334157354878E+00 a       694     0    35     1    14
  6.6158204909023519E+00 a       695     0    35     1    15
  5.9186571126219931E+00 a       696     0    35     1    16
 -2.0520415871235995E+00 a       697     0    35     1    17
  1.5165515833470107E+00 a       698     0    35     1    18
 -5.8006418504501296E+00 a       699     0    35     1    19
 -9.1326419109558277E+00 a       700     0    35     1    20
 -2.8179847348659224E+00 a       701     0    36     1     1
  2.4544462962622933E+00 a       702     0    36     1     2
  1.8094424535768294E+01 a       703     0    36     1     3
 -5.5029166264545095E+00 a       704     0    36     1     4
  5.9595081139654713E+00 a       705     0    36     1     5
 -1.8477450753681823E+00 a       706     0    36     1     6
  1.7296939410688733E+01 a       707     0    36     1     7
 -7.3865507541561790E+00 a       708     0    36     1     8
  1.1145897815926924E+01 a       709     0    36     1     9
 -9.3151721427852774E-01 a       710     0    36     1    10
  4.8719988792046358E+00 a       711     0    36     1    11
 -4.3270278430841511E+00 a       712     0    36     1    12
  1.2298334116425400E+01 a       713     0    36     1    13
 -2.1595042525945543E+00 a       714     0    36     1    14
 -6.5855600586297580E+00 a       715     0    36     1    15
 -6.2160415365614972E+00 a       716     0    36     1    16
  1.4280325152946318E+01 a       717     0    36     1    17
  1.3996900045675826E+01 a       718     0    36     1    18
 -7.3309478330697075E+00 a       719     0    36     1    19
  1.9247189816253471E+01 a       720     0    36     1    20
  4.7152892519771443E+00 a       721     0    37     1     1
  1.1385608169407352E+01 a       722     0    37     1     2
 -1.4291242464925645E+01 a       723     0    37     1     3
 -3.5881489288378958E+00 a       724     0    37     1     4
  9.9121224777589205E+00 a       725     0    37     1     5
 -1.2399386630440551E+01 a       726     0    37     1     6
  1.0119377466917111E+01 a       727     0    37     1     7
 -7.8359724477521162E+00 a       728     0    37     1     8
  9.7647639019060831E-02 a       729     0    37     1     9
 -9.0660243711062982E+00 a       730     0    37     1    10
 -2.3048563776298936E+00 a       731     0    37     1    11
  6.1380596714160633E+00 a       732     0    37     1    12
 -7.4536779619718585E+00 a       733     0    37     1    13
  3.3237231302576697E+00 a       734     0    37     1    14
 -5.4212437290814535E+00 a       735     0    37     1    15
  1.5599995632347090E+01 a       736     0    37     1    16
  7.0384600389554541E-01 a       737     0    37     1    17
 -9.1030969782605720E+00 a       738     0    37     1    18
 -1.1614370433073130E+01 a       739     0    37     1    19
 -1.3267427602776428E+01 a       740     0    37     1    20
  2.2500821470029622E+00 a       741     0    38     1     1
 -4.0550514371739501E+00 a       742     0    38     1     2
  2.7312857029170402E+01 a       743     0    38     1     3
  7.1549429882359012E+00 a       744     0    38     1     4
  2.1416048279660389E+00 a       745     0    38     1     5
  3.6634511516259359E+01 a       746     0    38     1     6
 -2.6220485888539926E+00 a       747     0    38     1     7
  6.8699793674767227E+00 a       748     0    38     1     8
 -2.4591541039740155E+00 a       749     0    38     1     9
 -7.0960096226368137E+00 a       750     0    38     1    10
 -9.9211171523115755E+00 a       751     0    38     1    11
 -6.9046221396192555E+00 a       752     0    38     1    12
  2.6294749244820341E+01 a       753     0    38     1    13
  1.9777793889992122E+01 a       754     0    38     1    14
  1.2297506173875112E+01 a       755     0    38     1    15
  3.0638436549237218E+00 a       756     0    38     1    16
  1.1068001126111991E+01 a       757     0    38     1    17
  2.0621756776643615E+01 a       758     0    38     1    18
  5.9697689557849953E+00 a       759     0    38     1    19
  1.1541336561114155E+01 a       760     0    38     1    20
  6.0110123739804928E+00 a       761     0    39     1     1
 -2.3913489204875511E+01 a       762     0    39     1     2
 -1.4603775832014460E+01 a       763     0    39     1     3
 -1.0689911699086172E+01 a       764     0    39     1     4
 -2.6452656958844805E+00 a       765     0    39     1     5
  6.9377262413199761E+00 a       766     0    39     1     6
  1.1861515928790231E+01 a       767     0    39     1     7
 -2.0865536909780683E+01 a       768     0    39     1     8
 -7.4754980821616535E+00 a       769     0    39     1     9
 -1.2735317350288382E+01 a       770     0    39     1    10
  1.2499674899294487E+01 a       771     0    39     1    11
 -7.0759678277589915E+00 a       772     0    39     1    12
 -2.5627056480643216E+00 a       773     0    39     1    13
  1.1811222402512071E+01 a       774     0    39     1    14
  1.6807344282391469E+01 a       775     0    39     1    15
 -6.8052121573356095E-01 a       776     0    39     1    16
 -3.1637272291556243E+01 a       777     0    39     1    17
  6.5907723112924232E+00 a       778     0    39     1    18
  6.7969471480050956E+00 a       779     0    39     1    19
  1.7118532230419081E+00 a       780     0    39     1    20
 -4.1205355669370491E+01 a       781     0    40     1     1
 -1.0166888407413827E+01 a       782     0    40     1     2
 -6.9494489823959738E+00 a       783     0    40     1     3
 -7.3940230091817796E+00 a       784     0    40     1     4
  8.3875935243581310E+00 a       785     0    40     1     5
  2.0410139343780500E+01 a       786     0    40     1     6
  2.3338057743672376E+01 a       787     0    40     1     7
  1.2617338666259913E+01 a       788     0    40     1     8
  1.5396518349085961E+01 a       789     0    40     1     9
  1.8114591768218613E+01 a       790     0    40     1    10
  1.3337648760249063E+01 a       791     0    40     1    11
 -2.2497101764517495E+01 a       792     0    40     1    12
 -2.8439618450567732E+00 a       793     0    40     1    13
 -1.8727043001622989E+00 a       794     0    40     1    14
 -1.9606711490045800E+01 a       795     0    40     1    15
 -2.2426712729243786E+01 a       796     0    40     1    16
  2.4444894131120432E+00 a       797     0    40     1    17
 -3.5915304204793214E-03 a       798     0    40     1    18
 -9.7595063127166659E-01 a       799     0    40     1    19
 -2.4992653286220229E+01 a       800     0    40     1    20
 -1.5649620784695735E+00 b       801     1     1
  1.4464950676697896E+00 b       802     1     2
  2.6649042632741415E-01 b       803     1     3
  3.5357011290166174E+00 b       804     1     4
  1.2440675665517048E-01 b       805     1     5
  1.1513464546157506E+00 b       806     1     6
  1.9789417950464433E-02 b       807     1     7
 -2.0574081287574382E+00 b       808     1     8
  1.4651141311465070E+00 b       809     1     9
  7.3565037473860062E-01 b       810     1    10
 -5.4719362173533090E+00 b       811     1    11
 -1.2513208472951567E+00 b       812     1    12
  1.4371396757550869E+00 b       813     1    13
  2.6352432209702443E+00 b       814     1    14
  4.7255199818443776E+00 b       815     1    15
 -4.8948145406631105E-01 b       816     1    16
 -8.6767522807875830E-01 b       817     1    17
 -1.5640852491551105E+00 b       818     1    18
  2.7180656097348754E-01 b       819     1    19
 -3.6920093779846948E+00 b       820     1    20
  1.6914546628019722E+00 a       821     1     1     2     1
  3.2149412240014844E-02 a       822     1     1     2     2
  7.8679262567541919E+00 a       823     1     1     2     3
  8.5247224776757802E-01 a       824     1     1     2     4
 -1.1362905686313988E+01 a       825     1     1     2     5
  5.5952719036075615E+00 a       826     1     1     2     6
 -5.9972345260737658E-01 a       827     1     1     2     7
 -2.0917744300633455E+01 a       828     1     1     2     8
 -2.0732245437798791E+00 a       829     1     1     2     9
 -1.7914002037171194E+01 a       830     1     1     2    10
 -8.1811488868836193E+00 a       831     1     1     2    11
  2.2324442036347993E+01 a       832     1     1     2    12
 -1.0698918517051780E+01 a       833     1     1     2    13
 -2.3137255186406314E+01 a       834     1     1     2    14
  3.5803899500622185E+00 a       835     1     1     2    15
  6.5919673193641746E+00 a       836     1     1     2    16
  5.2128596265976892E+00 a       837     1     1     2    17
  6.8680950185593836E+00 a       838     1     1     2    18
  9.9030901463981422E+00 a       839     1     1     2    19
  1.8975104944264480E+01 a       840     1     1     2    20
  1.2982071378582749E+00 a       841     1     2     2     1
 -1.2697384689509172E+00 a       842     1     2     2     2
 -1.1950664974243206E+00 a       843     1     2     2     3
  9.8239802026005418E-01 a       844     1     2     2     4
 -5.9959070978540776E+00 a       845     1     2     2     5
 -4.9906175852563610E+00 a       846     1     2     2     6
  3.5138225368974592E+00 a       847     1     2     2     7
  5.0014177715551084E-02 a       848     1     2     2     8
  7.6392183947507997E+00 a       849     1     2     2     9
 -7.0465308805792723E+00 a       850     1     2     2    10
  7.6452315193192240E+00 a       851     1     2     2    11
 -4.1176579174148982E+00 a       852     1     2     2    12
 -2.0509244059763860E+00 a       853     1     2     2    13
 -6.6523486636679987E+00 a       854     1     2     2    14
 -3.9165303991522621E-01 a       855     1     2     2    15
 -2.5574432630319843E+00 a       856     1     2     2    16
  3.8940427742640789E+00 a       857     1     2     2    17
  2.3337578265393875E+00 a       858     1     2     2    18
 -4.1631008962912270E+00 a       859     1     2     2    19
  2.8830319865254723E+00 a       860     1     2     2    20
 -3.9562212818615765E+00 a       861     1     3     2     1
  2.1656005563489935E+00 a       862     1     3     2     2
  2.6683608202328140E+00 a       863     1     3     2     3
  8.4280275266400011E+00 a       864     1     3     2     4
 -7.0732147014657549E+00 a       865     1     3     2     5
 -3.4775976187913900E+00 a       866     1     3     2     6
  2.3780373993949739E+00 a       867     1     3     2     7
 -2.4559385741918507E-01 a       868     1     3     2     8
  8.3140102336790811E+00 a       869     1     3     2     9
 -2.1349864604344546E+00 a       870     1     3     2    10
 -2.4894307397637896E-01 a       871     1     3     2    11
 -8.5459978953319986E+00 a       872     1     3     2    12
  4.6816042106984694E+00 a       873     1     3     2    13
 -7.4930539315209748E+00 a       874     1     3     2    14
  2.1194167656531571E+00 a       875     1     3     2    15
 -2.3488398438273608E-01 a       876     1     3     2    16
 -1.8202892057698767E+00 a       877     1     3     2    17
  2.5334223703619894E+00 a       878     1     3     2    18
  6.2876404365528922E+00 a       879     1     3     2    19
  1.9085375503553714E+00 a       880     1     3     2    20
 -5.9943195714573552E+00 a       881     1     4     2     1
  1.9279758358979002E+01 a       882     1     4     2     2
  6.4838508118785327E+00 a       883     1     4     2     3
 -5.4787539729785459E+00 a       884     1     4     2     4
  4.9263602799697148E+00 a       885     1     4     2     5
  1.4345175214997692E+00 a       886     1     4     2     6
 -7.5461003124766082E+00 a       887     1     4     2     7
 -8.4245911951462737E+00 a       888     1     4     2     8
  2.0534583782016927E-01 a       889     1     4     2     9
  4.9681270903017003E+00 a       890     1     4     2    10
 -6.2683089091739523E+00 a       891     1     4     2    11
  2.7329348456358851E+00 a       892     1     4     2    12
  5.9898760462348273E+00 a       893     1     4     2    13
 -1.6034341224135911E+00 a       894     1     4     2    14
  1.0879302578007120E+01 a       895     1     4     2    15
 -1.4822130177811750E+00 a       896     1     4     2    16
 -4.5188421305457505E+00 a       897     1     4     2    17
  5.7936392645823016E+00 a       898     1     4     2    18
  8.1404648613686448E-01 a       899     1     4     2    19
  1.1431980097675288E+01 a       900     1     4     2    20
  8.3217115501467476E-01 a       901     1     5     2     1
  1.6005946221368219E+00 a       902     1     5     2     2
 -1.3386569246753059E+00 a       903     1     5     2     3
  6.7751561003568117E-01 a       904     1     5     2     4
 -2.6569094776556081E+00 a       905     1     5     2     5
  2.2096651036827466E+00 a       906     1     5     2     6
 -3.4117794062878826E+00 a       907     1     5     2     7
  1.9239415800595669E+00 a       908     1     5     2     8
  1.1452153788521280E+00 a       909     1     5     2     9
 -3.7381084395672399E+00 a       910     1     5     2    10
 -5.7540415688847819E+00 a       911     1     5     2    11
  8.6091794550647158E+00 a       912     1     5     2    12
 -3.7741929699311760E+00 a       913     1     5     2    13
  5.1912109468005441E-01 a       914     1     5     2    14
  4.2678453920560884E+00 a       915     1     5     2    15
  2.1401581609656509E-01 a       916     1     5     2    16
  2.6730872312460043E+00 a       917     1     5     2    17
  4.2254271897749680E+00 a       918     1     5     2    18
  2.2468007558230805E+00 a       919     1     5     2    19
 -1.7101329645367254E+00 a       920     1     5     2    20
  2.1144525127097262E+00 a       921     1     6     2     1
 -2.3815701010621022E+00 a       922     1     6     2     2
 -1.2919267062746926E+00 a       923     1     6     2     3
  2.2369256013707728E-01 a       924     1     6     2     4
 -4.5660927914570522E+00 a       925     1     6     2     5
 -3.8683562836679983E+00 a       926     1     6     2     6
  1.7719123459228963E+00 a       927     1     6     2     7
  3.7999836574327488E+00 a       928     1     6     2     8
 -7.3740947154591501E+00 a       929     1     6     2     9
  1.7186276059776930E+01 a       930     1     6     2    10
  6.3184951991287805E-02 a       931     1     6     2    11
 -2.9034346708427048E+00 a       932     1     6     2    12
 -1.9741755143166544E-02 a       933     1     6     2    13
  1.7673460241421715E-01 a       934     1     6     2    14
 -1.3157008868439788E+00 a       935     1     6     2    15
  1.8221541602780595E+00 a       936     1     6     2    16
  3.2626752437214473E-01 a       937     1     6     2    17
 -2.3128105727233605E+00 a       938     1     6     2    18
 -3.7836200486567835E+00 a       939     1     6     2    19
 -3.2338423701490813E+00 a       940     1     6     2    20
  6.6421089511780362E-01 a       941     1     7     2     1
 -3.0053652667836137E+00 a       942     1     7     2     2
  4.9677128061949674E+00 a       943     1     7     2     3
  4.5933338220476134E+00 a       944     1     7     2     4
  2.5288244371760866E+00 a       945     1     7     2     5
 -4.6530011560112444E-01 a       946     1     7     2     6
  1.3632203349310767E+01 a       947     1     7     2     7
  7.6592106428225595E+00 a       948     1     7     2     8
  6.8813373263270003E+00 a       949     1     7     2     9
 -1.2878572055304514E+00 a       950     1     7     2    10
  1.2439917586952423E+00 a       951     1     7     2    11
 -7.3187074075290737E-01 a       952     1     7     2    12
 -3.3518726726714703E+00 a       953     1     7     2    13
 -6.1337163941678989E+00 a       954     1     7     2    14
  1.1819822962719602E+00 a       955     1     7     2    15
  3.8326173488088711E+00 a       956     1     7     2    16
  9.6290751248059958E-01 a       957     1     7     2    17
 -2.9021508473878677E+00 a       958     1     7     2    18
  8.3720757467274325E+00 a       959     1     7     2    19
  6.8665343438588400E-01 a       960     1     7     2    20
  1.1930973214159892E+00 a       961     1     8     2     1
 -2.2122110707971804E-01 a       962     1     8     2     2
  2.9850695292263496E+00 a       963     1     8     2     3
 -3.1086811193578043E+00 a       964     1     8     2     4
 -5.9432530760814162E+00 a       965     1     8     2     5
  1.6836754014710051E+00 a       966     1     8     2     6
  6.0313059595487128E-01 a       967     1     8     2     7
 -2.3475137049621408E+00 a       968     1     8     2     8
 -2.3158293553436611E+00 a       969     1     8     2     9
  2.2895176364405123E+00 a       970     1     8     2    10
  9.3748747420513592E+00 a       971     1     8     2    11
  5.3419554759371390E+00 a       972     1     8     2    12
 -9.3991847545482543E-01 a       973     1     8     2    13
 -1.2728097162989345E+00 a       974     1     8     2    14
 -5.7657157116208317E+00 a       975     1     8     2    15
 -1.6063428686615187E+00 a       976     1     8     2    16
  8.5877873336718569E-01 a       977     1     8     2    17
  2.9666569599652770E+00 a       978     1     8     2    18
  3.7647851181972607E+00 a       979     1     8     2    19
 -7.5809423552561039E-01 a       980     1     8     2    20
 -1.6949639381380421E+00 a       981     1     9     2     1
 -7.1572852354624084E-01 a       982     1     9     2     2
 -7.1465215902754409E+00 a       983     1     9     2     3
  1.0682045321759222E+01 a       984     1     9     2     4
  1.2533339960863303E+00 a       985     1     9     2     5
  8.1085939935999551E+00 a       986     1     9     2     6
  3.2091809093370087E+00 a       987     1     9     2     7
 -1.9999770349687522E+00 a       988     1     9     2     8
  6.8088255446217874E+00 a       989     1     9     2     9
  4.7430338284138545E+00 a       990     1     9     2    10
  6.6829368133053642E+00 a       991     1     9     2    11
  5.2590175258863363E+00 a       992     1     9     2    12
 -3.8183744649456797E+00 a       993     1     9     2    13
 -1.5330205036491570E+01 a       994     1     9     2    14
  6.8596808428419802E+00 a       995     1     9     2    15
 -1.2771621447936978E+00 a       996     1     9     2    16
 -2.6545209257686159E-01 a       997     1     9     2    17
  3.8851462447412133E-01 a       998     1     9     2    18
 -4.9314192786372448E+00 a       999     1     9     2    19
 -3.0534457927084415E+00 a      1000     1     9     2    20
  9.3918265316625753E+00 a      1001     1    10     2     1
 -6.4920480154632676E+00 a      1002     1    10     2     2
 -6.9271234651375906E+00 a      1003     1    10     2     3
 -4.2936171034601953E+00 a      1004     1    10     2     4
 -5.3727957724718767E+00 a      1005     1    10     2     5
  4.3858110621749580E+00 a      1006     1    10     2     6
 -4.0036288785924006E+00 a      1007     1    10     2     7
 -6.2491714848416038E+00 a      1008     1    10     2     8
 -3.7297176670733854E+00 a      1009     1    10     2     9
 -7.0574091161761210E+00 a      1010     1    10     2    10
 -2.4257243693189543E+00 a      1011     1    10     2    11
 -9.7330992066819437E+00 a      1012     1    10     2    12
 -9.9952869578676786E+00 a      1013     1    10     2    13
  2.3248225243433445E+00 a      1014     1    10     2    14
 -9.2811525750287167E+00 a      1015     1    10     2    15
  6.1767768189863084E+00 a      1016     1    10     2    16
  4.1876195293749650E+00 a      1017     1    10     2    17
 -2.0313790648857157E+00 a      1018     1    10     2    18
  8.2310670638699612E+00 a      1019     1    10     2    19
 -6.0795350865662821E+00 a      1020     1    10     2    20
 -2.8957891322456586E+00 a      1021     1    11     2     1
  4.0558542074692596E+00 a      1022     1    11     2     2
 -4.2801001083550556E+00 a      1023     1    11     2     3
  4.2771586065138356E+00 a      1024     1    11     2     4
 -1.1133128665027754E+00 a      1025     1    11     2     5
 -3.3407281943065885E+00 a      1026     1    11     2     6
 -3.9320200178555229E+00 a      1027     1    11     2     7
 -5.0353719614055441E+00 a      1028     1    11     2     8
  1.0938566207605454E+01 a      1029     1    11     2     9
 -6.8685197530078645E-01 a      1030     1    11     2    10
 -1.6268331811114263E+00 a      1031     1    11     2    11
 -1.3713340753811098E+01 a      1032     1    11     2    12
  1.3947507461059858E-01 a      1033     1    11     2    13
 -1.4591053854711404E+00 a      1034     1    11     2    14
  1.6165144575120831E+00 a      1035     1    11     2    15
 -4.2666937822918909E+00 a      1036     1    11     2    16
  3.9392058522016677E+00 a      1037     1    11     2    17
 -7.1417208012596394E+00 a      1038     1    11     2    18
 -3.7679097302359295E+00 a      1039     1    11     2    19
  1.1786184933611002E+01 a      1040     1    11     2    20
  4.1960224062741425E+00 a      1041     1    12     2     1
  7.9403058073749913E+00 a      1042     1    12     2     2
  5.5484726920865581E+00 a      1043     1    12     2     3
 -4.4721509861012523E+00 a      1044     1    12     2     4
 -2.2548097257083302E+00 a      1045     1    12     2     5
 -2.7827821466001024E+00 a      1046     1    12     2     6
 -3.3969805528143433E+00 a      1047     1    12     2     7
 -4.9576985024561058E+00 a      1048     1    12     2     8
  2.3534510281745940E+00 a      1049     1    12     2     9
 -1.3238889412377051E+00 a      1050     1    12     2    10
  7.8385956091544684E-01 a      1051     1    12     2    11
 -1.1789060922540546E+01 a      1052     1    12     2    12
 -1.7864176082920655E+00 a      1053     1    12     2    13
  5.0148804283376345E+00 a      1054     1    12     2    14
 -2.8117269432034915E+00 a      1055     1    12     2    15
 -3.6432942942324020E-01 a      1056     1    12     2    16
  3.5275921120083469E+00 a      1057     1    12     2    17
 -4.8671201998316613E+00 a      1058     1    12     2    18
  6.3175023833616502E+00 a      1059     1    12     2    19
  1.6793391221957393E+01 a      1060     1    12     2    20
 -6.7887427409354713E+00 a      1061     1    13     2     1
  4.9547330308947318E-01 a      1062     1    13     2     2
  6.4304821776860832E+00 a      1063     1    13     2     3
  7.2577711021216764E+00 a      1064     1    13     2     4
  4.1795637727949826E+00 a      1065     1    13     2     5
 -5.2832923083783303E+00 a      1066     1    13     2     6
  2.7955573182777544E+00 a      1067     1    13     2     7
 -9.7472394608955053E+00 a      1068     1    13     2     8
 -3.3111531994475891E+00 a      1069     1    13     2     9
 -4.4710474350565654E+00 a      1070     1    13     2    10
  3.1064317981401266E+00 a      1071     1    13     2    11
  5.2442876228522506E+00 a      1072     1    13     2    12
  1.4716044549854955E+01 a      1073     1    13     2    13
 -1.0920988281528325E+00 a      1074     1    13     2    14
  2.0292149772313719E+00 a      1075     1    13     2    15
  7.6449565859765212E+00 a      1076     1    13     2    16
  3.6236440424976362E+00 a      1077     1    13     2    17
 -7.0255610578200645E-01 a      1078     1    13     2    18
  2.0153281727775170E+01 a      1079     1    13     2    19
  1.4112426940402973E+01 a      1080     1    13     2    20
 -5.1679066971761776E+00 a      1081     1    14     2     1
 -1.7651435094866226E+00 a      1082     1    14     2     2
  1.2712380801410937E+01 a      1083     1    14     2     3
  1.4393940773651270E+00 a      1084     1    14     2     4
 -5.6899368459481392E-01 a      1085     1    14     2     5
 -3.6429899143944149E+00 a      1086     1    14     2     6
  6.2336489848148844E+00 a      1087     1    14     2     7
  5.7897650605884388E-01 a      1088     1    14     2     8
  1.0501239179457658E+01 a      1089     1    14     2     9
 -7.1065679368750887E+00 a      1090     1    14     2    10
 -3.8361976511709885E+00 a      1091     1    14     2    11
  3.6091396845860095E+00 a      1092     1    14     2    12
 -7.2656273584031394E+00 a      1093     1    14     2    13
 -1.7162373019543192E+01 a      1094     1    14     2    14
  6.3137839466239241E+00 a      1095     1    14     2    15
  5.1401934775187748E+00 a      1096     1    14     2    16
  1.3584922549641962E+00 a      1097     1    14     2    17
  1.0418620369090734E+00 a      1098     1    14     2    18
  1.2328549305826328E+01 a      1099     1    14     2    19
  8.8584666044865951E-02 a      1100     1    14     2    20
  3.1809064558857605E+00 a      1101     1    15     2     1
 -7.6611434556019420E+00 a      1102     1    15     2     2
  1.9622595990144347E+01 a      1103     1    15     2     3
 -6.7783427692242737E-01 a      1104     1    15     2     4
 -9.4549990006221254E+00 a      1105     1    15     2     5
 -8.2214932194005375E+00 a      1106     1    15     2     6
 -1.2249787798758108E+01 a      1107     1    15     2     7
  6.3693578513364750E+00 a      1108     1    15     2     8
 -8.7957752454093896E+00 a      1109     1    15     2     9
  9.3621937349280735E+00 a      1110     1    15     2    10
 -1.5982333732190472E+00 a      1111     1    15     2    11
  2.2325765092106917E+00 a      1112     1    15     2    12
 -4.3790623153767161E+00 a      1113     1    15     2    13
 -1.3858522111762110E+01 a      1114     1    15     2    14
  1.5111053505249188E+01 a      1115     1    15     2    15
 -7.6481660673193188E+00 a      1116     1    15     2    16
  3.6553930703898345E+00 a      1117     1    15     2    17
  2.3163370076442855E+00 a      1118     1    15     2    18
  6.3566754523058862E+00 a      1119     1    15     2    19
  3.6820169186330993E+00 a      1120     1    15     2    20
  2.3575684964601633E+00 a      1121     1    16     2     1
 -2.2865593187598701E+00 a      1122     1    16     2     2
  5.6085846554661867E+00 a      1123     1    16     2     3
  8.8838480167986393E+00 a      1124     1    16     2     4
  1.6380701887038924E+00 a      1125     1    16     2     5
  1.8606218437174582E+00 a      1126     1    16     2     6
  3.9915694076764194E+00 a      1127     1    16     2     7
 -3.5681104329573019E+00 a      1128     1    16     2     8
  6.9317199256570268E+00 a      1129     1    16     2     9
 -5.5868085256785749E+00 a      1130     1    16     2    10
 -9.2782688680357239E-01 a      1131     1    16     2    11
  1.2875133337527414E+00 a      1132     1    16     2    12
 -8.3826360072112560E-01 a      1133     1    16     2    13
 -8.7240420738310132E+00 a      1134     1    16     2    14
 -2.3786718500300390E+00 a      1135     1    16     2    15
 -5.4153448823256922E-01 a      1136     1    16     2    16
  2.5724033642602451E+00 a      1137     1    16     2    17
 -3.1649735111100128E+00 a      1138     1    16     2    18
  4.9921916769638202E+00 a      1139     1    16     2    19
  3.6167776562146474E+00 a      1140     1    16     2    20
  3.4184757568354036E+00 a      1141     1    17     2     1
 -2.4975188037433353E+00 a      1142     1    17     2     2
 -5.8779731750009567E+00 a      1143     1    17     2     3
  5.8102423186421461E+00 a      1144     1    17     2     4
 -4.1461653551536690E+00 a      1145     1    17     2     5
 -4.9030032927370719E+00 a      1146     1    17     2     6
  5.7437381655549675E+00 a      1147     1    17     2     7
  5.6166146791445168E+00 a      1148     1    17     2     8
 -4.8223415958354447E+00 a      1149     1    17     2     9
  8.2624157855899565E+00 a      1150     1    17     2    10
  5.2951843140024435E-01 a      1151     1    17     2    11
 -6.8391777894008001E+00 a      1152     1    17     2    12
  7.5774080406595425E+00 a      1153     1    17     2    13
  1.3243568741760969E+01 a      1154     1    17     2    14
 -2.1128113749717876E+00 a      1155     1    17     2    15
  3.5300563291773329E-01 a      1156     1    17     2    16
  2.9549646783853616E+00 a      1157     1    17     2    17
 -1.1011045188259714E+00 a      1158     1    17     2    18
  5.7516879930443032E+00 a      1159     1    17     2    19
 -3.1230520858477480E+00 a      1160     1    17     2    20
 -9.0083015541357447E-01 a      1161     1    18     2     1
  5.2887828360422402E+00 a      1162     1    18     2     2
 -3.0340493829113018E+00 a      1163     1    18     2     3
 -1.8507226794595466E+00 a      1164     1    18     2     4
 -2.0061704386077908E-01 a      1165     1    18     2     5
  6.6865021807793648E+00 a      1166     1    18     2     6
 -2.5207683072317129E+00 a      1167     1    18     2     7
 -9.6012481248312973E+00 a      1168     1    18     2     8
 -1.4017772884912665E+00 a      1169     1    18     2     9
  9.4250353363526216E+00 a      1170     1    18     2    10
  2.0113933957308263E+00 a      1171     1    18     2    11
 -1.0690179936209641E+00 a      1172     1    18     2    12
  8.3403696547853610E+00 a      1173     1    18     2    13
 -4.5840941843469558E+00 a      1174     1    18     2    14
 -7.4292329707458071E+00 a      1175     1    18     2    15
  4.2965889703395370E-02 a      1176     1    18     2    16
 -7.0219016276705206E+00 a      1177     1    18     2    17
  7.2735084570730937E+00 a      1178     1    18     2    18
 -6.1692322008101987E+00 a      1179     1    18     2    19
 -1.7057094213603832E+00 a      1180     1    18     2    20
  2.3648954975661312E+00 a      1181     1    19     2     1
 -4.0496421526022439E-02 a      1182     1    19     2     2
  6.3530154284110667E+00 a      1183     1    19     2     3
 -2.0786753335336501E+00 a      1184     1    19     2     4
  2.7477781636838305E-01 a      1185     1    19     2     5
  3.3481576201324290E+00 a      1186     1    19     2     6
  2.2100591680774211E+00 a      1187     1    19     2     7
  1.6199078571641701E+00 a      1188     1    19     2     8
 -1.0804652610870209E+01 a      1189     1    19     2     9
  5.2919049666453795E+00 a      1190     1    19     2    10
  4.9855545950570894E+00 a      1191     1    19     2    11
 -3.1251029605518971E-01 a      1192     1    19     2    12
 -3.3300344986485304E+00 a      1193     1    19     2    13
  9.1024450834834116E+00 a      1194     1    19     2    14
 -2.1802177405662224E+00 a      1195     1    19     2    15
 -2.9358295898914721E+00 a      1196     1    19     2    16
  7.2260074120284887E+00 a      1197     1    19     2    17
 -2.8006913041842045E+00 a      1198     1    19     2    18
  4.8452800975513749E-01 a      1199     1    19     2    19
  3.4739236710286794E+00 a      1200     1    19     2    20
 -4.6068770476296734E+00 a      1201     1    20     2     1
  2.7029656662020760E+00 a      1202     1    20     2     2
 -2.2507701517383916E-01 a      1203     1    20     2     3
 -8.4623341405390988E+00 a      1204     1    20     2     4
  6.3777112138150436E+00 a      1205     1    20     2     5
 -3.8032106634813458E+00 a      1206     1    20     2     6
  8.5364246538353168E+00 a      1207     1    20     2     7
  1.5114500529552588E+01 a      1208     1    20     2     8
  7.5775119141176983E+00 a      1209     1    20     2     9
  7.7712549773271364E+00 a      1210     1    20     2    10
  3.3798598895522880E+00 a      1211     1    20     2    11
  1.1658612590344855E+01 a      1212     1    20     2    12
 -4.5596463131500187E+00 a      1213     1    20     2    13
 -1.7176892330768922E+01 a      1214     1    20     2    14
  1.0469766707311750E+01 a      1215     1    20     2    15
 -1.3413936606714127E+00 a      1216     1    20     2    16
 -1.2587380262235403E+01 a      1217     1    20     2    17
 -9.4047274754374809E-03 a      1218     1    20     2    18
  4.2085509141213526E+00 a      1219     1    20     2    19
 -2.3832242041900464E+00 a      1220     1    20     2    20
  1.5491097987477893E+00 b      1221     2     1
  4.6529299627663239E+00 b      1222     2     2
 -1.8206109193418467E+01 b      1223     2     3
 -1.1270502161750848E+01 b      1224     2     4
 -2.8353806838871338E+00 b      1225     2     5
  7.2132867011923674E+00 b      1226     2     6
  1.3209175782415427E+01 b      1227     2     7
 -7.0821185612457658E+00 b      1228     2     8
  1.3926900874665037E+01 b      1229     2     9
 -1.4473656123467135E+01 b      1230     2    10
  3.8490252669983498E+00 b      1231     2    11
  1.7609912490217809E+01 b      1232     2    12
 -4.6163018897651256E+00 b      1233     2    13
 -2.5527279124988511E+00 b      1234     2    14
 -1.7669268566166593E+01 b      1235     2    15
 -7.5173629710166328E+00 b      1236     2    16
 -3.2194995462686173E+00 b      1237     2    17
 -1.0085440525573860E+01 b      1238     2    18
 -2.0878928124533328E+01 b      1239     2    19
  1.5654403892898459E+01 b      1240     2    20
 -5.5837580185764110E-02 a      1241     2     1     3     1
 -1.7778982557647513E-01 a      1242     2     2     3     1
  1.8762795477033198E-01 a      1243     2     3     3     1
  1.0479320678729957E-01 a      1244     2     4     3     1
  8.4135486463457768E-02 a      1245     2     5     3     1
 -5.8963942935220504E-02 a      1246     2     6     3     1
 -1.1121528252191722E-01 a      1247     2     7     3     1
 -1.3160971674412570E-02 a      1248     2     8     3     1
  2.7904314333253932E-01 a      1249     2     9     3     1
 -1.2104747702873747E-01 a      1250     2    10     3     1
  6.9125170610016759E-02 a      1251     2    11     3     1
 -3.4900199693676182E-01 a      1252     2    12     3     1
  3.2251550505062933E-02 a      1253     2    13     3     1
  1.8278820116831043E-01 a      1254     2    14     3     1
  1.9706742758994972E-01 a      1255     2    15     3     1
 -1.2827379153638482E-01 a      1256     2    16     3     1
  3.4834058033506549E-01 a      1257     2    17     3     1
 -1.7352265421550012E-01 a      1258     2    18     3     1
 -1.1298031774580940E-01 a      1259     2    19     3     1
 -2.1299204483910719E-01 a      1260     2    20     3     1
 -2.9422136149632777E-01 b      1261     3     1
